1.0999999787792873E+000 -3.8986443558319546E-002
1.0999999518439745E+000 -5.1830416471369836E-002
1.0999999161186316E+000 -6.2551101176038126E-002
1.0999998528225186E+000 -7.3423941544864452E-002
1.0999997576749996E+000 -8.2428498565838254E-002
1.0999996122072273E+000 -8.9577163223353379E-002
1.0999993690935921E+000 -9.4889198636811445E-002
1.0999989216459705E+000 -9.7216377472174070E-002
1.0999979366036337E+000 -9.6305316167632021E-002
1.0999953604385520E+000 -9.4918454340555902E-002
1.0999892436585386E+000 -9.3989461815790404E-002
1.0999750015656076E+000 -9.2597416268395225E-002
1.0999371240109554E+000 -8.9709312537809310E-002
1.0998893845166382E+000 -8.6329845075790501E-002
1.0998499614651722E+000 -8.3603828194863256E-002
1.0998176171056093E+000 -8.1384319683802123E-002
1.0997912119044306E+000 -7.9579128509832980E-002
1.0997688463167381E+000 -7.8051520830626275E-002
1.0997484739444516E+000 -7.6659171242642918E-002
1.0997292270377588E+000 -7.5342112830388150E-002
1.0997106132073584E+000 -7.4065490451677776E-002
1.0996922995196914E+000 -7.2805637343189678E-002
1.0996742294097808E+000 -7.1560627730751711E-002
1.0996564293674547E+000 -7.0332698521272941E-002
1.0996388660553793E+000 -6.9118730437348647E-002
1.0996214729487066E+000 -6.7913696019177350E-002
1.0996041659411895E+000 -6.6711954434647516E-002
1.0995869052057314E+000 -6.5510793950556478E-002
1.0995696731499573E+000 -6.4308961420057945E-002
1.0995524634264329E+000 -6.3105867441743874E-002
1.0995353683257010E+000 -6.1908773328666802E-002
1.0995184368016544E+000 -6.0721036727853998E-002
1.0995016048065502E+000 -5.9538876307641389E-002
1.0994848434146838E+000 -5.8359953369938919E-002
1.0994681412336591E+000 -5.7183357254754187E-002
1.0994514959029775E+000 -5.6008929173962482E-002
1.0994349099338052E+000 -5.4837593720430948E-002
1.0994183887170472E+000 -5.3669183831540200E-002
1.0994019393751144E+000 -5.2504732428150437E-002
1.0993855702885709E+000 -5.1344870135109071E-002
1.0993692910282680E+000 -5.0190859896138029E-002
1.0993531125727167E+000 -4.9043471414902229E-002
1.0993370469009909E+000 -4.7903952854827125E-002
1.0993211068231932E+000 -4.6773684095473951E-002
1.0993053060218125E+000 -4.5653811377387638E-002
1.0992896587412200E+000 -4.4545872330503493E-002
1.0992741798087600E+000 -4.3451316216835081E-002
1.0992588845864952E+000 -4.2370942723862673E-002
1.0992437871677179E+000 -4.1306526105988825E-002
1.0992154192335455E+000 -3.9298825341305479E-002
1.0991764554112529E+000 -3.6540967083533007E-002
1.0991446724231966E+000 -3.4302277015736356E-002
1.0991180869426345E+000 -3.2450632931925252E-002
1.0990721656428162E+000 -2.9197626260084313E-002
1.0990164503062692E+000 -2.5120571679394903E-002
1.0989706546761289E+000 -2.1462087243693646E-002
1.0989330525943477E+000 -1.8074703559435450E-002
1.0989021750841719E+000 -1.5122559150568836E-002
1.0988768924256189E+000 -1.2813602288116148E-002
1.0988563092982659E+000 -1.0982773418802131E-002
1.0988396183839428E+000 -9.5173272661721285E-003
1.0988261224287270E+000 -8.3408736705854122E-003
1.0988152336089565E+000 -7.3921604135275204E-003
1.0988062124423561E+000 -6.5968313499171075E-003
1.0987980315438990E+000 -5.8877193714189273E-003
1.0987902556979898E+000 -5.2102654684478382E-003
1.0987826787137005E+000 -4.5467319288968666E-003
1.0987751967700654E+000 -3.8931172547345045E-003
1.0987677564732303E+000 -3.2387181107594986E-003
1.0987603308259859E+000 -2.5855035492056444E-003
1.0987529117148596E+000 -1.9345303457946469E-003
1.0987455014710763E+000 -1.2813757770166205E-003
1.0987381038587414E+000 -6.2729812120827680E-004
1.0987307221709748E+000 2.6839946577621792E-005
1.0987233600953743E+000 6.8277014131666580E-004
1.0987160202642534E+000 1.3380497403830704E-003
1.0987087062512431E+000 1.9937583072505852E-003
1.0987014225978220E+000 2.6482447663286075E-003
1.0986941730997932E+000 3.3017958396708300E-003
1.0986869609529790E+000 3.9542622423017586E-003
1.0986797888755870E+000 4.6076660259423575E-003
1.0986726587329767E+000 5.2567715678454707E-003
1.0986655724951133E+000 5.9037776811202989E-003
1.0986585320802971E+000 6.5488003997788520E-003
1.0986515390453599E+000 7.1916195027833937E-003
1.0986445946787105E+000 7.8336255230093098E-003
1.0986376999142242E+000 8.4761814262583352E-003
1.0986308533358482E+000 9.1091959794982000E-003
1.0986240564557295E+000 9.7441085572458654E-003
1.0986173104821060E+000 1.0374028221632362E-002
1.0986106150057906E+000 1.1000966962243465E-002
1.0986039714052842E+000 1.1623965976147520E-002
1.0985973810577701E+000 1.2245930127594453E-002
1.0985908445871075E+000 1.2863530334638835E-002
1.0985843618880105E+000 1.3478608662123002E-002
1.0985779321184046E+000 1.4088585088187449E-002
1.0985715555616260E+000 1.4696143652258050E-002
1.0985652329004396E+000 1.5298818117947487E-002
1.0985589633956971E+000 1.5899560187252193E-002
1.0985527463993381E+000 1.6505695451101546E-002
1.0985465790267557E+000 1.7097531453393579E-002
1.0985404616502803E+000 1.7688646338200539E-002
1.0985343956780629E+000 1.8276126932463381E-002
1.0985283806200008E+000 1.8860058841131115E-002
1.0985224168338956E+000 1.9441191301616593E-002
1.0985165042012262E+000 2.0017803159426986E-002
1.0985106425001900E+000 2.0590647936457280E-002
1.0985048315159938E+000 2.1160023408617043E-002
1.0984990709776667E+000 2.1731572506676872E-002
1.0984933598201230E+000 2.2291163038322358E-002
1.0984876982240133E+000 2.2850910680863350E-002
1.0984820854767505E+000 2.3405234394484272E-002
1.0984765214209968E+000 2.3957954637912952E-002
1.0984710056789291E+000 2.4505590336452259E-002
1.0984655378551815E+000 2.5053310447402569E-002
1.0984601182113256E+000 2.5595756256506886E-002
1.0984547453335565E+000 2.6133569077517599E-002
1.0984494181636415E+000 2.6668302856528339E-002
1.0984441368390392E+000 2.7199717256911071E-002
1.0984389010701330E+000 2.7727794846758736E-002
1.0984337105045723E+000 2.8252543304015776E-002
1.0984285647521224E+000 2.8774513917148855E-002
1.0984234633704728E+000 2.9292743196724137E-002
1.0984184058722526E+000 2.9807664599776011E-002
1.0984133917888201E+000 3.0319303025568064E-002
1.0984084207521585E+000 3.0829296854965240E-002
1.0984034923666266E+000 3.1333920481772914E-002
1.0983986063344962E+000 3.1835142216837843E-002
1.0983937621554316E+000 3.2333220474567541E-002
1.0983889593707747E+000 3.2830092393642443E-002
1.0983841967276273E+000 3.3321170606951306E-002
1.0983794738626875E+000 3.3809906697536050E-002
1.0983747910720789E+000 3.4295683610067143E-002
1.0983701479335426E+000 3.4778527449984359E-002
1.0983655440230491E+000 3.5260944382638236E-002
1.0983609790796194E+000 3.5738027488423030E-002
1.0983564527340068E+000 3.6211638670166975E-002
1.0983519645027247E+000 3.6682529724592461E-002
1.0983475139471137E+000 3.7150511844194746E-002
1.0983388355435197E+000 3.8062840876271313E-002
1.0983201791668868E+000 4.0026492215533387E-002
1.0983023493728503E+000 4.1924992681575159E-002
1.0982866928907205E+000 4.3609833708668611E-002
1.0982729749696785E+000 4.5103693428060497E-002
1.0982609596142039E+000 4.6420024265367989E-002
1.0982504408299572E+000 4.7582719883188622E-002
1.0982412365545402E+000 4.8600057309409271E-002
1.0982335770328153E+000 4.9456527640215700E-002
1.0982270789142348E+000 5.0185343214854669E-002
1.0982214966875652E+000 5.0813819663189146E-002
1.0982166639702542E+000 5.1366674580427464E-002
1.0982124599618639E+000 5.1843317937075702E-002
1.0982087918089032E+000 5.2260137349064616E-002
1.0982055849587744E+000 5.2625566924757831E-002
1.0982027777853416E+000 5.2946165385643007E-002
1.0982004584653273E+000 5.3213611171826922E-002
1.0981986562784536E+000 5.3418554885072474E-002
1.0981973729488430E+000 5.3564902815576493E-002
1.0981964501722430E+000 5.3670466796021811E-002
1.0981957712988428E+000 5.3748263109937862E-002
1.0981952578395486E+000 5.3807156993602910E-002
1.0981948588056314E+000 5.3852950604963597E-002
1.0981945411794962E+000 5.3889415328491633E-002
1.0981942832582834E+000 5.3919033367914738E-002
1.0981940704195037E+000 5.3943480128929078E-002
1.0981938925200032E+000 5.3963917406330136E-002
1.0981937423086618E+000 5.3981175934143970E-002
1.0981936144498803E+000 5.3995868216651692E-002
1.0981935049127416E+000 5.4008456632199157E-002
1.0981934105804421E+000 5.4019298507938025E-002
1.0981933289944337E+000 5.4028676086105440E-002
1.0981932581824174E+000 5.4036816055630696E-002
1.0981931965396099E+000 5.4043902474768521E-002
1.0981931427446556E+000 5.4050087013233099E-002
1.0981930956986841E+000 5.4055495924533459E-002
1.0981930544801408E+000 5.4060234954020583E-002
1.0981930175529757E+000 5.4064480958827182E-002
1.0981929827088710E+000 5.4068486178172184E-002
1.0981929489565645E+000 5.4072367991238234E-002
1.0981929158258517E+000 5.4076180318195194E-002
1.0981928830202246E+000 5.4079949563339627E-002
1.0981928468625430E+000 5.4083685725704357E-002
1.0981926119566086E+000 5.4087233974204466E-002
1.0981822416536455E+000 5.4082407726729100E-002
1.0979969997301553E+000 5.3932289878422898E-002
1.0974439842369759E+000 5.3441715347347263E-002
1.0962500930494898E+000 5.2253821218355090E-002
1.0934952381662757E+000 4.9667356646350344E-002
1.0888699804236905E+000 4.5944514575502429E-002
1.0812457304544534E+000 4.0662304701720879E-002
1.0704580769364889E+000 3.4266537877416910E-002
1.0577597288418383E+000 2.7394716302956916E-002
1.0444877904614935E+000 2.0423131026294058E-002
1.0317028823599823E+000 1.3957261717015963E-002
1.0193169755039773E+000 7.8197210695928852E-003
1.0073493819714499E+000 1.9984093676803107E-003
9.9566894945116780E-001 -3.6344381859843506E-003
9.8422606061904538E-001 -9.1281788764417393E-003
9.7318040101615799E-001 -1.4326842084232296E-002
9.6225506778666570E-001 -1.9459439650324827E-002
9.5155859781274377E-001 -2.4441824578055354E-002
9.4117708157531743E-001 -2.9216930286196655E-002
9.3062692847676720E-001 -3.4130551575351269E-002
9.2075652358672189E-001 -3.8598416591912252E-002
9.1060117925694628E-001 -4.3238329989337583E-002
9.0090789831803564E-001 -4.7606775927186117E-002
8.9130619084803864E-001 -5.1894146833083438E-002
8.8175643072821563E-001 -5.6131388525062477E-002
8.7232001878102028E-001 -6.0344255593101893E-002
8.6315908315151935E-001 -6.4391670691034866E-002
8.5410479214177659E-001 -6.8373956074176997E-002
8.4507660342490287E-001 -7.2320220282541411E-002
8.3613952271303660E-001 -7.6231203406662035E-002
8.2748595689019511E-001 -7.9982199294465026E-002
8.1870567549026896E-001 -8.3804664807807738E-002
8.1030052936992536E-001 -8.7433664848635614E-002
8.0190145421893044E-001 -9.1030367272334031E-002
7.9359313521477493E-001 -9.4599822853305093E-002
7.8528935660666110E-001 -9.8157423623604814E-002
7.7704275196899164E-001 -1.0171028368035918E-001
7.6909339715384373E-001 -1.0510875379068962E-001
7.6079143228715851E-001 -1.0872882195378500E-001
7.5312318813044177E-001 -1.1202650998950466E-001
7.4526302558969770E-001 -1.1543491752999481E-001
7.3753430305479883E-001 -1.1876500931339845E-001
7.2999623726857343E-001 -1.2205059002560135E-001
7.2244950032283450E-001 -1.2529759019559703E-001
7.1501915197005028E-001 -1.2853192973984232E-001
7.0786132177906214E-001 -1.3161085953177282E-001
7.0062931724920596E-001 -1.3474026509768364E-001
6.9350082718959050E-001 -1.3781877367885537E-001
6.8642149001924735E-001 -1.4086434532430475E-001
6.7933571302633644E-001 -1.4395742691038313E-001
6.7245524367600384E-001 -1.4694087506714196E-001
6.6551058805930685E-001 -1.4999730342181425E-001
6.5875653093833930E-001 -1.5295558628926817E-001
6.5189362441047916E-001 -1.5600467404726870E-001
6.4524065037869094E-001 -1.5895703620865712E-001
6.3872625125359916E-001 -1.6186667560007945E-001
6.3230182070599739E-001 -1.6474954629271557E-001
6.2592689832293746E-001 -1.6762059074580546E-001
6.1960162661206697E-001 -1.7048180091627796E-001
6.1332909047250428E-001 -1.7333408024200719E-001
6.0710894861383025E-001 -1.7617769405437347E-001
6.0094098782258831E-001 -1.7901694941023225E-001
5.9482445619985180E-001 -1.8185438260878933E-001
5.8874937517168102E-001 -1.8469744563560209E-001
5.8282841798701246E-001 -1.8746841661847932E-001
5.7680697485269172E-001 -1.9035381510794017E-001
5.7102033993083956E-001 -1.9306711137854624E-001
5.6534962215364615E-001 -1.9576685024943338E-001
5.5953415746821877E-001 -1.9862478089198385E-001
5.5388783186947399E-001 -2.0132060778622954E-001
5.4829744312435758E-001 -2.0410819132013103E-001
5.4283997593092348E-001 -2.0677213265161182E-001
5.3744769582930874E-001 -2.0946872764736249E-001
5.3206385718089233E-001 -2.1217744358277488E-001
5.2673030980781554E-001 -2.1488854716572789E-001
5.2140627970291498E-001 -2.1760852299259728E-001
5.1606517535660046E-001 -2.2042372022885962E-001
5.1084182289253688E-001 -2.2310009735899763E-001
5.0563931573964338E-001 -2.2590864753818218E-001
5.0050622190328997E-001 -2.2859451591453422E-001
4.9555071901680703E-001 -2.3123280369594626E-001
4.9056002251473768E-001 -2.3405747162034038E-001
4.8562931144261695E-001 -2.3665457827952485E-001
4.8083648428566189E-001 -2.3936854128103272E-001
4.7591527899168778E-001 -2.4225184912053771E-001
4.7107182642294965E-001 -2.4486803884318858E-001
4.6646116918457198E-001 -2.4750856259384402E-001
4.6180449825033870E-001 -2.5027023623274514E-001
4.5947122034740462E-001 -2.5170050602248079E-001
4.5708283096456853E-001 -2.5306556082072562E-001
4.5340679682497553E-001 -2.5514859959881125E-001
4.4894771679719453E-001 -2.5792610546859635E-001
4.4446494051096713E-001 -2.6052082907918889E-001
4.4013119656303429E-001 -2.6318590424493044E-001
4.3578910100695256E-001 -2.6587806031180716E-001
4.3143136865696208E-001 -2.6871906468764462E-001
4.2700830657240912E-001 -2.7162339811951042E-001
4.2265764730310118E-001 -2.7420060942230506E-001
4.1850418615482415E-001 -2.7711538911658468E-001
4.1422988303046671E-001 -2.7978378467029208E-001
4.1015555543980853E-001 -2.8253185993682173E-001
4.0608447078486676E-001 -2.8531155019667720E-001
4.0202959750724232E-001 -2.8811517072268367E-001
3.9800714810396454E-001 -2.9076346340562359E-001
3.9413084279009886E-001 -2.9354118411118241E-001
3.9022172639644537E-001 -2.9636868125804350E-001
3.8631680657111633E-001 -2.9922798092091291E-001
3.8243607326026530E-001 -3.0210872114959791E-001
3.7859524199348393E-001 -3.0481505088946764E-001
3.7489340422691630E-001 -3.0767123910996946E-001
3.7305142647249223E-001 -3.0927340193550723E-001
3.7110940875394949E-001 -3.1075570915211864E-001
3.6959009725346204E-001 -3.1194566885252428E-001
3.6807683071262487E-001 -3.1307295299351512E-001
3.6563409525431262E-001 -3.1474535675684950E-001
3.6240885807553486E-001 -3.1732787880219077E-001
3.5885431326927769E-001 -3.2006421177488914E-001
3.5538522285799623E-001 -3.2301314595230363E-001
3.5183851479021550E-001 -3.2580685995599201E-001
3.4841241109429200E-001 -3.2880506126156395E-001
3.4492234767604374E-001 -3.3187803098572172E-001
3.4141682963383935E-001 -3.3474887799854725E-001
3.3806665013830656E-001 -3.3781314256571660E-001
3.3465654361621427E-001 -3.4070260853393847E-001
3.3136442986361997E-001 -3.4354615795895443E-001
3.2815149488657136E-001 -3.4651839275756796E-001
3.2492458459354029E-001 -3.4953511693003597E-001
3.2171195655032075E-001 -3.5273381144617666E-001
3.1843185332287099E-001 -3.5572087871099706E-001
3.1528505506513821E-001 -3.5864883602560516E-001
3.1223307638876718E-001 -3.6187476717243056E-001
3.0906503841889443E-001 -3.6490507515528642E-001
3.0601565906107314E-001 -3.6789144783790184E-001
3.0305275261856968E-001 -3.7102990326989449E-001
3.0004711111986360E-001 -3.7423909583532577E-001
2.9703964343206407E-001 -3.7731876445130264E-001
2.9415304050225388E-001 -3.8070538509177448E-001
2.9114737038617106E-001 -3.8387406143051184E-001
2.8825498414927236E-001 -3.8699311288048815E-001
2.8542811435258325E-001 -3.9011165845375834E-001
2.8264339112310732E-001 -3.9324525246755720E-001
2.7990351252385254E-001 -3.9658041863844545E-001
2.7713195833679499E-001 -4.0000048224750823E-001
2.7431551218162176E-001 -4.0306892391915999E-001
2.7169125386467552E-001 -4.0645729627657062E-001
2.6898533202948710E-001 -4.0975257469331672E-001
2.6633369126819156E-001 -4.1303749689384317E-001
2.6372932637465929E-001 -4.1633254760177985E-001
2.6114215593198820E-001 -4.1964646203049444E-001
2.5988093468035550E-001 -4.2158991689349479E-001
2.5863418464064891E-001 -4.2306250638673265E-001
2.5665228567670367E-001 -4.2560903322291643E-001
2.5409854322544262E-001 -4.2903535101736262E-001
2.5159846229400346E-001 -4.3246733405383664E-001
2.4914922866179573E-001 -4.3614441772164636E-001
2.4664939693622615E-001 -4.3990141335307792E-001
2.4425116834085558E-001 -4.4280622609847681E-001
2.4188917691302941E-001 -4.4656447393949150E-001
2.4065273961584488E-001 -4.4863073502329859E-001
2.3949876614929094E-001 -4.5020145263000994E-001
2.3764416622030476E-001 -4.5293595206051190E-001
2.3522153043169483E-001 -4.5635473414125494E-001
2.3295818286342929E-001 -4.5994832825507942E-001
2.3067673775943687E-001 -4.6358921616098098E-001
2.2842103025894017E-001 -4.6727541601576567E-001
2.2615987838051735E-001 -4.7085942358664745E-001
2.2398635321846180E-001 -4.7470633353129887E-001
2.2172898955731490E-001 -4.7822354505310638E-001
2.1960605785620832E-001 -4.8196074974087871E-001
2.1747103320271749E-001 -4.8577036361487042E-001
2.1533547618462873E-001 -4.8963649248163077E-001
2.1321118167514275E-001 -4.9353955027251523E-001
2.1107488955383136E-001 -4.9716957766364289E-001
2.0906479060078861E-001 -5.0105340654819464E-001
2.0703205986290499E-001 -5.0501877438126297E-001
2.0496655514794540E-001 -5.0872037152686522E-001
2.0301561428121073E-001 -5.1270561765802181E-001
2.0104098395989067E-001 -5.1677413124346272E-001
1.9903383320030077E-001 -5.2057186801628574E-001
1.9712994765350444E-001 -5.2447862229456654E-001
1.9526412401658455E-001 -5.2877511793328258E-001
1.9329176857689634E-001 -5.3268419770709241E-001
1.9144322047282780E-001 -5.3688405099237668E-001
1.8954566041313625E-001 -5.4080915113525307E-001
1.8773480067954165E-001 -5.4487293933737568E-001
1.8592949773934503E-001 -5.4899410618819366E-001
1.8413702748401015E-001 -5.5315824846875439E-001
1.8235712111837932E-001 -5.5735025949217321E-001
1.8061176696132281E-001 -5.6178098858448922E-001
1.7882354172760123E-001 -5.6611464329747052E-001
1.7707791734067119E-001 -5.7045300174949409E-001
1.7534382413129290E-001 -5.7460121913437867E-001
1.7369714667428807E-001 -5.7911524385386026E-001
1.7197975820741382E-001 -5.8337005124995334E-001
1.7034174800820362E-001 -5.8778571371181987E-001
1.6870841072599468E-001 -5.9227925290151362E-001
1.6787351683688739E-001 -5.9483158481467391E-001
1.6701063967555696E-001 -5.9686545382403833E-001
1.6585909190614112E-001 -6.0000150747963010E-001
1.6442578042673159E-001 -6.0435806348150334E-001
1.6283501707525352E-001 -6.0892628582303499E-001
1.6130134138268973E-001 -6.1377925595500438E-001
1.5971101557361073E-001 -6.1844618973405774E-001
1.5816949244754652E-001 -6.2309316175434615E-001
1.5740328569817974E-001 -6.2588902721678485E-001
1.5662850833045414E-001 -6.2801736203873360E-001
1.5554547960610676E-001 -6.3126041362707674E-001
1.5419797739401897E-001 -6.3577131557606936E-001
1.5271173298660540E-001 -6.4072366748796883E-001
1.5193660895155964E-001 -6.4338212478201295E-001
1.5116290103560956E-001 -6.4605278740260963E-001
1.5005691273910179E-001 -6.4918526666052112E-001
1.4877274251116310E-001 -6.5380344426584125E-001
1.4734716881153520E-001 -6.5856229416080081E-001
1.4596845182515081E-001 -6.6357059907656113E-001
1.4454594291998918E-001 -6.6842248142839700E-001
1.4318171793420861E-001 -6.7350959508504749E-001
1.4180012537946823E-001 -6.7869534953223309E-001
1.4040787490634574E-001 -6.8365833316169700E-001
1.3907414198478510E-001 -6.8885337710048056E-001
1.3771910903865309E-001 -6.9386495209527044E-001
1.3641739618427567E-001 -6.9911443633367198E-001
1.3508917107627708E-001 -7.0419963854318512E-001
1.3380866789748275E-001 -7.0953334063511642E-001
1.3250517334818215E-001 -7.1468891287005787E-001
1.3124359152282514E-001 -7.1980829618320008E-001
1.3000742006300664E-001 -7.2508852818722891E-001
1.2876544055187053E-001 -7.3045301627430181E-001
1.2752645792081541E-001 -7.3570371754523611E-001
1.2691492843812760E-001 -7.3890412763976576E-001
1.2623919451671511E-001 -7.4140796656322283E-001
1.2538824701498710E-001 -7.4530001224864195E-001
1.2434858903096919E-001 -7.5000781715286902E-001
1.2317710405589340E-001 -7.5534158569873844E-001
1.2201632184347626E-001 -7.6071806261559105E-001
1.2086757226555790E-001 -7.6612082431346518E-001
1.1973022548117818E-001 -7.7171698768660257E-001
1.1858143975285776E-001 -7.7723313994082677E-001
1.1745990387219088E-001 -7.8290625812118841E-001
1.1633021049529660E-001 -7.8848451867747460E-001
1.1522516803727925E-001 -7.9438754688077184E-001
1.1409320706927346E-001 -7.9991239589405772E-001
1.1301835125796515E-001 -8.0566745759301006E-001
1.1193311626359803E-001 -8.1133856082071187E-001
1.1139061360213424E-001 -8.1481939567387085E-001
1.1077545698558504E-001 -8.1754900617754389E-001
1.1004544869903603E-001 -8.2163238735503874E-001
1.0958623517441590E-001 -8.2424778921309716E-001
1.0911400040192014E-001 -8.2669893580150400E-001
1.0849055844175040E-001 -8.2990182264518275E-001
1.0775920526825067E-001 -8.3386284716567161E-001
1.0689822826412120E-001 -8.3885456174474304E-001
1.0590669757552060E-001 -8.4441307711528235E-001
1.0492765560139597E-001 -8.5025423186372162E-001
1.0393002843897656E-001 -8.5619701507656487E-001
1.0293035043494872E-001 -8.6225258260992954E-001
1.0192600035614791E-001 -8.6812731391411901E-001
1.0094795700055038E-001 -8.7392450975862879E-001
9.9988590559453444E-002 -8.7994755476194841E-001
9.9017918008604072E-002 -8.8587272814374851E-001
9.8061732879498986E-002 -8.9175210716143538E-001
9.7120497250508184E-002 -8.9777457047291509E-001
9.6624985945735903E-002 -9.0105524966144601E-001
9.6117875961675286E-002 -9.0425766782427852E-001
9.5450423118369335E-002 -9.0810729809740565E-001
9.4701524128261147E-002 -9.1294053750714532E-001
9.3833446792254138E-002 -9.1849459730936478E-001
9.2951773376036995E-002 -9.2420616943426159E-001
9.2075668517949752E-002 -9.3016507576963403E-001
9.1180507841160635E-002 -9.3597465068995622E-001
9.0305874223351387E-002 -9.4197297840860250E-001
8.9417210892518570E-002 -9.4774931439563359E-001
8.8553618209159440E-002 -9.5356678070565204E-001
8.8114450336163025E-002 -9.5700431222148485E-001
8.7627799752990843E-002 -9.5965539780689413E-001
8.7054651280537645E-002 -9.6356204064188122E-001
8.6380386997331249E-002 -9.6824921834409350E-001
8.5576501006851574E-002 -9.7341579056348271E-001
8.4756804904295699E-002 -9.7874961485739453E-001
8.3959663813874694E-002 -9.8435192133823302E-001
8.3139970329100796E-002 -9.9000750840006202E-001
8.2314197581857887E-002 -9.9563254174654059E-001
8.1485664901561700E-002 -1.0009640723249287E+000
8.0759025083990868E-002 -1.0058322308758014E+000
8.0363213118567881E-002 -1.0086269724339616E+000
7.9925122826254053E-002 -1.0108907704153856E+000
7.9439558238277891E-002 -1.0139929945356103E+000
7.8873164048833891E-002 -1.0184321178124875E+000
7.8122424922083544E-002 -1.0223056998979179E+000
7.7400906034894190E-002 -1.0273445613041177E+000
7.6635404383230132E-002 -1.0324924012966543E+000
7.5843798061372439E-002 -1.0373496344190016E+000
7.5068380173836755E-002 -1.0419766527172611E+000
7.4315314208903221E-002 -1.0467076313200832E+000
7.3545647164702799E-002 -1.0511774646051961E+000
7.2788615359030195E-002 -1.0554380126828184E+000
7.1986563676381093E-002 -1.0588739399496203E+000
7.1389184885979617E-002 -1.0634298194109868E+000
7.0631247927207041E-002 -1.0665706574502241E+000
7.0010592142255315E-002 -1.0709971579376016E+000
6.9231262216930919E-002 -1.0739440298210012E+000
6.8629876012364588E-002 -1.0773442532329984E+000
6.7976169243657403E-002 -1.0805206833805330E+000
6.7352754249382071E-002 -1.0839618802474349E+000
6.6726695351084608E-002 -1.0864022705343896E+000
6.6138436197240011E-002 -1.0893405755820056E+000
6.5609678415215200E-002 -1.0921523477531543E+000
6.4973018391933202E-002 -1.0941903270363689E+000
6.4480369811593427E-002 -1.0965204916325073E+000
6.3940494780072188E-002 -1.0993582113112648E+000
6.3395335262449254E-002 -1.1011525736820804E+000
6.2897585089511571E-002 -1.1035656546940611E+000
6.2385957551848878E-002 -1.1051969048735106E+000
6.1986682234343470E-002 -1.1071907651772244E+000
6.1494355576107995E-002 -1.1094265783833930E+000
6.0979808816773645E-002 -1.1105231752024209E+000
6.0534837886723612E-002 -1.1123704622664476E+000
6.0101864633840880E-002 -1.1140178044210796E+000
5.9679098971424711E-002 -1.1151814397901882E+000
5.9285333685240825E-002 -1.1166966660164737E+000
5.8888037888502033E-002 -1.1182295643182025E+000
5.8437792316882738E-002 -1.1190163979652661E+000
5.8093897469336721E-002 -1.1204862344031286E+000
5.7722917111776052E-002 -1.1219211510183860E+000
5.7405374790603841E-002 -1.1229972355930413E+000
5.7026170376242323E-002 -1.1242064636864253E+000
5.6669189412856168E-002 -1.1249779703931682E+000
5.6370547160294271E-002 -1.1261041173535862E+000
5.6030128573754855E-002 -1.1272368485398103E+000
5.5645420086391541E-002 -1.1276522134747831E+000
5.5386237782160674E-002 -1.1287259536143792E+000
5.5064527091475482E-002 -1.1297941903717266E+000
5.4822452373479796E-002 -1.1306671650773326E+000
5.4491451994410751E-002 -1.1312985325786171E+000
5.4187857564177752E-002 -1.1318440526758693E+000
5.3930761589832406E-002 -1.1324055555835819E+000
5.3646575337205273E-002 -1.1328010134969608E+000
5.3365942634500001E-002 -1.1331950570760494E+000
5.3101777960869179E-002 -1.1336100524880843E+000
5.2837818260271736E-002 -1.1338109623994252E+000
5.2601055695276649E-002 -1.1342051198350316E+000
5.2292298649947944E-002 -1.1344312327687018E+000
5.2054498549694087E-002 -1.1349890259200250E+000
5.1827853222829699E-002 -1.1353368131552151E+000
5.1612145255562389E-002 -1.1359032663690749E+000
5.1358860564525453E-002 -1.1364237250277800E+000
5.1111639391197443E-002 -1.1366483930979008E+000
5.0788134972088610E-002 -1.1372787184007871E+000
5.0513429027338075E-002 -1.1377467609462919E+000
5.0259604509805648E-002 -1.1379934753969436E+000
4.9937538768780654E-002 -1.1385388341484817E+000
4.9638191833411144E-002 -1.1388844757894891E+000
4.9365214525968884E-002 -1.1388792309378550E+000
4.9027670842531776E-002 -1.1392999142373246E+000
4.8818900413956277E-002 -1.1395475638926518E+000
4.8731655803775545E-002 -1.1396766972015031E+000
4.8669295247892645E-002 -1.1397196596869996E+000
4.8643758049275856E-002 -1.1397512347476870E+000
4.8628003223472778E-002 -1.1397641716491109E+000
4.8618762130649862E-002 -1.1397647607106915E+000
4.8613881665162471E-002 -1.1397668834506542E+000
4.8594971390027303E-002 -1.1397955273799902E+000
4.8577974773501835E-002 -1.1398326712064419E+000
4.8529429750303554E-002 -1.1399418856934418E+000
4.8436896478778982E-002 -1.1401510649470306E+000
4.8296264870834882E-002 -1.1404413527217794E+000
4.8090148280007614E-002 -1.1407694769941057E+000
4.7860214875485800E-002 -1.1411031712414892E+000
4.7629928358268223E-002 -1.1413761660627004E+000
4.7406024495793168E-002 -1.1416400190550513E+000
4.7180448232771149E-002 -1.1418861149194535E+000
4.6957101903488438E-002 -1.1420083163154557E+000
4.6740135643228521E-002 -1.1422004237783117E+000
4.6555765300268281E-002 -1.1423458228154690E+000
4.6446836804265153E-002 -1.1424422350377239E+000
4.6326168753219932E-002 -1.1425011719086700E+000
4.6261430326359064E-002 -1.1425225328520725E+000
4.6221846763079950E-002 -1.1425499276233555E+000
4.6204396291291763E-002 -1.1425390963085977E+000
4.6193838185976256E-002 -1.1425402721150435E+000
4.6188762997784717E-002 -1.1425434234092187E+000
4.6186180970027559E-002 -1.1425452942899061E+000
4.6175364615134218E-002 -1.1425555833125562E+000
4.6167527677985751E-002 -1.1425635448707305E+000
4.6137212478438869E-002 -1.1425912062098544E+000
4.6112773253421009E-002 -1.1426166923711021E+000
4.6091977764724228E-002 -1.1426373089392976E+000
4.6030690713973324E-002 -1.1426960508359232E+000
4.5922695080397369E-002 -1.1427840372993185E+000
4.5762844730132403E-002 -1.1429114257604984E+000
4.5581771124380187E-002 -1.1430199861013861E+000
4.5393942911222007E-002 -1.1431330607383525E+000
4.5201744095452703E-002 -1.1432423007418260E+000
4.5010948907268103E-002 -1.1433039519205250E+000
4.4818345219640357E-002 -1.1434006693638643E+000
4.4592355779315737E-002 -1.1435311674172945E+000
4.4364050332539692E-002 -1.1436145517959171E+000
4.4227821306204396E-002 -1.1436312448277355E+000
4.4163154365477970E-002 -1.1436472241906726E+000
4.4129892776597755E-002 -1.1436252586729081E+000
4.4111224681654258E-002 -1.1436294562620728E+000
4.4102294098624775E-002 -1.1436319567146438E+000
4.4096447605316287E-002 -1.1436356834921999E+000
4.4075665241937158E-002 -1.1436532012144651E+000
4.4027123175558673E-002 -1.1436941868714097E+000
4.3933364094542730E-002 -1.1437721737695921E+000
4.3792156653620323E-002 -1.1438864638112660E+000
4.3628349238078672E-002 -1.1439622251920012E+000
4.3395625545021715E-002 -1.1440324209301371E+000
4.3111104497699997E-002 -1.1441579725767823E+000
4.2770736941373177E-002 -1.1442464517933977E+000
4.2582734413384976E-002 -1.1442829792018971E+000
4.2270192465045944E-002 -1.1443060946728103E+000
4.2125516737669608E-002 -1.1443167265903422E+000
4.2040241297331145E-002 -1.1442901378865025E+000
4.2015160725568608E-002 -1.1442845602295832E+000
4.2000159819524659E-002 -1.1442796912144886E+000
4.1993863621449343E-002 -1.1442787253114253E+000
4.1990133469556441E-002 -1.1442759944898757E+000
4.1988321352558228E-002 -1.1442760730377082E+000
4.1981346098617187E-002 -1.1442784287019152E+000
4.1963335626811725E-002 -1.1442845306145959E+000
4.1916769747698965E-002 -1.1443014077687546E+000
4.1826325454014136E-002 -1.1443326768074586E+000
4.1687751302812166E-002 -1.1443776926774683E+000
4.1528039602343053E-002 -1.1444168659873468E+000
4.1362404010532906E-002 -1.1444395616232850E+000
4.1191639634188482E-002 -1.1444357278044390E+000
4.1021074843003373E-002 -1.1444262372425040E+000
4.0891552643858235E-002 -1.1444251183918586E+000
4.0799100606879815E-002 -1.1444141970533794E+000
4.0741690918831064E-002 -1.1443955261100709E+000
4.0718905502759452E-002 -1.1443926624840939E+000
4.0704066686479239E-002 -1.1443897966150940E+000
4.0691346994929954E-002 -1.1443866941662111E+000
4.0680227028721358E-002 -1.1443855106258869E+000
4.0671473594669105E-002 -1.1443853386715075E+000
4.0663619304307008E-002 -1.1443856179698584E+000
4.0635204555213855E-002 -1.1443868372901675E+000
4.0572033552792632E-002 -1.1443866700348357E+000
4.0460248715365237E-002 -1.1443773913611097E+000
4.0316577631321751E-002 -1.1443587934389359E+000
4.0164598936511073E-002 -1.1443378001484701E+000
4.0006106367010144E-002 -1.1443075694119915E+000
3.9846685300725306E-002 -1.1442779750213401E+000
3.9605754361802442E-002 -1.1442199040876699E+000
3.9588830755058660E-002 -1.1442047633242565E+000
3.9522484886132150E-002 -1.1441631961869052E+000
3.9444960730703152E-002 -1.1441040170620986E+000
3.9359085264592114E-002 -1.1440378670567166E+000
3.9225119803102580E-002 -1.1439397689873345E+000
3.9046742562221085E-002 -1.1438170342077651E+000
3.8840930237547942E-002 -1.1437016915573504E+000
3.8566101495262212E-002 -1.1435233980257169E+000
3.8216859686244678E-002 -1.1432944481079208E+000
3.7817704212319704E-002 -1.1430051044987528E+000
3.7374778825011459E-002 -1.1426365720242480E+000
3.7013862422417609E-002 -1.1423465706783758E+000
3.6607058823177822E-002 -1.1419768188852324E+000
3.6195931950585354E-002 -1.1415798926716150E+000
3.5818360820650735E-002 -1.1412495824995246E+000
3.5485718393517759E-002 -1.1409725419265291E+000
3.5145988909585972E-002 -1.1407263949225359E+000
3.4796489289442678E-002 -1.1404022859519964E+000
3.4435465553833033E-002 -1.1400520934648570E+000
3.4086807910031380E-002 -1.1396698045631675E+000
3.3712937437923376E-002 -1.1392871399941431E+000
3.3393660305767597E-002 -1.1389306541776505E+000
3.3045191929689695E-002 -1.1385374106831985E+000
3.2697674281881646E-002 -1.1381418304832236E+000
3.2364754367362226E-002 -1.1377184890106644E+000
3.2015334838984659E-002 -1.1373095296819942E+000
3.1709954139695434E-002 -1.1368945240683652E+000
3.1334091163649588E-002 -1.1363781136345925E+000
3.1050046841660968E-002 -1.1360302652937635E+000
3.0740057572305080E-002 -1.1355894584275008E+000
3.0424783298555542E-002 -1.1351340627806223E+000
3.0105897086508873E-002 -1.1346337761983440E+000
2.9773211519365080E-002 -1.1341140882210887E+000
2.9492353158309607E-002 -1.1336507123624988E+000
2.9187750439191879E-002 -1.1331628497240764E+000
2.8855876188537240E-002 -1.1326001548946036E+000
2.8522561616250497E-002 -1.1319391984285696E+000
2.8248088221174361E-002 -1.1314759585947427E+000
2.7959641037792336E-002 -1.1309540460760985E+000
2.7671526643713210E-002 -1.1304086035895102E+000
2.7385487872308982E-002 -1.1298538211372022E+000
2.7100238247784261E-002 -1.1292860695917324E+000
2.6816704200400717E-002 -1.1287035477645242E+000
2.6535619913968956E-002 -1.1281148299402710E+000
2.6257137079384426E-002 -1.1275183824590151E+000
2.5987639156229064E-002 -1.1269350879723101E+000
2.5717053270962943E-002 -1.1263300578896149E+000
2.5454130115040045E-002 -1.1257431567004879E+000
2.5188719387207580E-002 -1.1251315678121367E+000
2.4930483462898740E-002 -1.1245340059823175E+000
2.4676360717632028E-002 -1.1239306580662631E+000
2.4425808033113380E-002 -1.1233313595254528E+000
2.4177907057021608E-002 -1.1227223317256181E+000
2.3926655784605313E-002 -1.1221023223939204E+000
2.3676366710316268E-002 -1.1214504231148308E+000
2.3400526245909600E-002 -1.1207159499333370E+000
2.3189770586399747E-002 -1.1201838566821443E+000
2.2964507498240177E-002 -1.1196017509594158E+000
2.2732176192865557E-002 -1.1189872336126545E+000
2.2502609176289511E-002 -1.1183588179329429E+000
2.2239834924276294E-002 -1.1176134659882035E+000
2.2025361542748357E-002 -1.1170182072569097E+000
2.1804845518917683E-002 -1.1163830763903169E+000
2.1550998987209056E-002 -1.1156236505529193E+000
2.1344037035258522E-002 -1.1150214262319538E+000
2.1130861305493891E-002 -1.1143909355775263E+000
2.0910009408222047E-002 -1.1137058132927928E+000
2.0685013331746726E-002 -1.1130016795092936E+000
2.0467955095719536E-002 -1.1123203999826461E+000
2.0255275452225805E-002 -1.1116356579118689E+000
2.0045660878791817E-002 -1.1109418175187229E+000
1.9842408697462587E-002 -1.1102767310092585E+000
1.9646836536781554E-002 -1.1096337552329996E+000
1.9447935531701370E-002 -1.1089640148595632E+000
1.9240071015383765E-002 -1.1082487290256746E+000
1.9045480246594762E-002 -1.1075803471361301E+000
1.8850134650061565E-002 -1.1069027283764550E+000
1.8662738624578956E-002 -1.1062316288797176E+000
1.8452456012593457E-002 -1.1054705223415693E+000
1.8272147636002326E-002 -1.1048228505848767E+000
1.8077017644146300E-002 -1.1040952965129087E+000
1.7887826583350312E-002 -1.1033798139581812E+000
1.7702650969538814E-002 -1.1026743707469771E+000
1.7520269632012836E-002 -1.1019715136593489E+000
1.7340012572889158E-002 -1.1012648249299495E+000
1.7162076990831023E-002 -1.1005651835704371E+000
1.6985703156236227E-002 -1.0998584881565805E+000
1.6806770803528635E-002 -1.0991352878742950E+000
1.6633227593411570E-002 -1.0984248742307166E+000
1.6463156073658732E-002 -1.0977191529558896E+000
1.6295857310373842E-002 -1.0970236473321477E+000
1.6125917769264315E-002 -1.0963056975296339E+000
1.5960056289575197E-002 -1.0955944894362435E+000
1.5797275443054433E-002 -1.0948933219559021E+000
1.5636601312927430E-002 -1.0941956587100368E+000
1.5473148033976784E-002 -1.0934707376422117E+000
1.5313845802359246E-002 -1.0927601711149575E+000
1.5157178892013323E-002 -1.0920551662202620E+000
1.5002799877569663E-002 -1.0913560582150086E+000
1.4849855246478768E-002 -1.0906449834342047E+000
1.4689622996733348E-002 -1.0898939867638300E+000
1.4540059380496838E-002 -1.0891890751609046E+000
1.4396730847765113E-002 -1.0885119128858944E+000
1.4229296632790007E-002 -1.0876940129948787E+000
1.4092926292048684E-002 -1.0870315924742331E+000
1.3952515868076443E-002 -1.0863513980606267E+000
1.3815898495210775E-002 -1.0856709126471575E+000
1.3660762038164569E-002 -1.0848906794895883E+000
1.3519946155501079E-002 -1.0841655550411893E+000
1.3375131345878075E-002 -1.0834286562952864E+000
1.3251707672669939E-002 -1.0828019433486544E+000
1.3109552555829252E-002 -1.0820566744237168E+000
1.2971627620492880E-002 -1.0813257397177842E+000
1.2836709318594456E-002 -1.0806081241727634E+000
1.2708391862907439E-002 -1.0799118166930219E+000
1.2577128672643170E-002 -1.0791997653605709E+000
1.2452119955063519E-002 -1.0785175739869179E+000
1.2320776362842865E-002 -1.0777880809792972E+000
1.2197035073803096E-002 -1.0771012914388862E+000
1.2073243513396410E-002 -1.0764088178543640E+000
1.1929692318538739E-002 -1.0755730531873733E+000
1.1801434603238008E-002 -1.0748126653556924E+000
1.1666953772018275E-002 -1.0740154807966236E+000
1.1563158860240676E-002 -1.0734110119701974E+000
1.1454285457261550E-002 -1.0727741424109314E+000
1.1340189503613037E-002 -1.0720933893694471E+000
1.1224176623240861E-002 -1.0713975707984218E+000
1.1113377541291361E-002 -1.0707344460222961E+000
1.0996503470587360E-002 -1.0700182905571729E+000
1.0883357400617324E-002 -1.0693259066437908E+000
1.0769283344029247E-002 -1.0686139745169696E+000
1.0658555896047505E-002 -1.0679185027647733E+000
1.0546925248345234E-002 -1.0672076872450551E+000
1.0438599407228929E-002 -1.0665216077538748E+000
1.0332037789560515E-002 -1.0658385501380245E+000
1.0224132481084593E-002 -1.0651389203797030E+000
1.0119032154088088E-002 -1.0644528100428270E+000
1.0015838082888034E-002 -1.0637776259893252E+000
9.9140932202961985E-003 -1.0631107722715920E+000
9.9140932202961985E-003 -1.0631107722715920E+000
