1.1499999759043031E+000 -1.8704987243991004E-002
1.1499999524275424E+000 -2.9883480510937609E-002
1.1499999195684660E+000 -3.9394316063222301E-002
1.1499998572553516E+000 -4.9272476948080096E-002
1.1499997588250437E+000 -5.7536572498515640E-002
1.1499996026402373E+000 -6.4300127964907042E-002
1.1499993377954509E+000 -6.9332963722356311E-002
1.1499988476075860E+000 -7.0790276785612019E-002
1.1499977041849629E+000 -6.8661259463986227E-002
1.1499949050934859E+000 -6.7097855050014310E-002
1.1499889319526573E+000 -6.6359217146306645E-002
1.1499743495832657E+000 -6.5019790812035572E-002
1.1499342592588360E+000 -6.1967003016444977E-002
1.1498826507614386E+000 -5.8256735901325567E-002
1.1498400340620649E+000 -5.5248139414328927E-002
1.1498050656434058E+000 -5.2806098241366999E-002
1.1497765161411755E+000 -5.0820311843493789E-002
1.1497515747417717E+000 -4.9093991509095165E-002
1.1497283972709083E+000 -4.7490915405547125E-002
1.1497060747808410E+000 -4.5947715388233328E-002
1.1496841825478374E+000 -4.4430764315852037E-002
1.1496626353468935E+000 -4.2940724488999563E-002
1.1496413952242981E+000 -4.1471642760560368E-002
1.1496203300898187E+000 -4.0015732695366929E-002
1.1495994411487318E+000 -3.8572126430937173E-002
1.1495787327990123E+000 -3.7141613112704940E-002
1.1495581500320968E+000 -3.5719977535378110E-002
1.1495376695137445E+000 -3.4306060563619165E-002
1.1495172837701690E+000 -3.2899505299664476E-002
1.1494969944413131E+000 -3.1501292475128971E-002
1.1494594518772616E+000 -2.8897574080197688E-002
1.1494080367322368E+000 -2.5326141530192938E-002
1.1493658263387847E+000 -2.2428395002218892E-002
1.1493313580295876E+000 -2.0086665770520616E-002
1.1493018543132485E+000 -1.8091489561907325E-002
1.1492731206949427E+000 -1.6155434976488060E-002
1.1492455569076248E+000 -1.4306567320356704E-002
1.1492205209725468E+000 -1.2639848730452213E-002
1.1491964729421931E+000 -1.1045511244952604E-002
1.1491530650375785E+000 -8.1622316019182711E-003
1.1490945252553975E+000 -4.2801709284925023E-003
1.1490466131998320E+000 -1.1140465439811967E-003
1.1490075906313764E+000 1.4771087190936555E-003
1.1489469502202332E+000 5.5282046238456662E-003
1.1488724987100709E+000 1.0591992133451937E-002
1.1488113881525859E+000 1.4811189385212278E-002
1.1487614682543035E+000 1.8320101362527971E-002
1.1487208394818624E+000 2.1226895235617476E-002
1.1486866362968033E+000 2.3760561632121160E-002
1.1486569239596802E+000 2.6072704747040716E-002
1.1486328378759911E+000 2.8059753923220611E-002
1.1486133201246940E+000 2.9790782693780334E-002
1.1485975052035133E+000 3.1340750509026523E-002
1.1485846868906906E+000 3.2777289002871780E-002
1.1485742917991442E+000 3.4145620340939632E-002
1.1485658567701345E+000 3.5508680700076588E-002
1.1485590062670008E+000 3.6911322263206307E-002
1.1485534372575903E+000 3.8361923641231470E-002
1.1485489070538142E+000 3.9900941595065208E-002
1.1485452190423149E+000 4.1548857375973205E-002
1.1485422144068693E+000 4.3279935164538583E-002
1.1485397659163923E+000 4.5049410107620078E-002
1.1485377713132139E+000 4.6791746611844938E-002
1.1485361481071445E+000 4.8434979361374676E-002
1.1485348203569830E+000 4.9932424177327073E-002
1.1485336854385304E+000 5.1285042290089879E-002
1.1485326706756356E+000 5.2486290818937353E-002
1.1485317282780250E+000 5.3517546169428318E-002
1.1485308279135826E+000 5.4373880568108782E-002
1.1485299515723111E+000 5.5081924325683797E-002
1.1485290956082044E+000 5.5674180652138180E-002
1.1485282589395904E+000 5.6174569903803567E-002
1.1485266705738975E+000 5.6894437760995779E-002
1.1485242105885363E+000 5.7629439139729025E-002
1.1485222337537999E+000 5.8061076962543437E-002
1.1485203788136500E+000 5.8382907503654172E-002
1.1485167528271558E+000 5.8873987727033464E-002
1.1485113470426982E+000 5.9484399622367165E-002
1.1485070074187480E+000 5.9937509946924469E-002
1.1485035085734951E+000 6.0283434388673653E-002
1.1485003045640498E+000 6.0593015129916286E-002
1.1484971898782157E+000 6.0885902782235463E-002
1.1484910739165284E+000 6.1443131962965518E-002
1.1484822014447267E+000 6.2224016289966953E-002
1.1484750723762498E+000 6.2834217253928390E-002
1.1484693497830614E+000 6.3318685502774877E-002
1.1484646511295589E+000 6.3710307490563833E-002
1.1484603954174506E+000 6.4061841026736621E-002
1.1484563409552018E+000 6.4394394328683366E-002
1.1484523726503426E+000 6.4717639096155272E-002
1.1484484340867445E+000 6.5036596478680195E-002
1.1484444977138031E+000 6.5353672280613340E-002
1.1484367391853527E+000 6.5972583045739622E-002
1.1484256395653905E+000 6.6847367174720021E-002
1.1484167172253901E+000 6.7549116013220986E-002
1.1484095520477786E+000 6.8110415727028709E-002
1.1484038023374856E+000 6.8558738950280668E-002
1.1483989095440041E+000 6.8940485803566182E-002
1.1483944353926965E+000 6.9288969450514035E-002
1.1483901805226915E+000 6.9619791788166879E-002
1.1483860456440467E+000 6.9941639222684024E-002
1.1483819800296695E+000 7.0258354770932244E-002
1.1483779575215769E+000 7.0572086464932612E-002
1.1483739647381621E+000 7.0884036320437369E-002
1.1483699950336592E+000 7.1194456339949891E-002
1.1483660453420508E+000 7.1503952494269066E-002
1.1483621143885625E+000 7.1812949710420279E-002
1.1483582019145540E+000 7.2120926541459587E-002
1.1483543082748444E+000 7.2427599347838809E-002
1.1483504340011286E+000 7.2733310920230762E-002
1.1483465797179953E+000 7.3038387702056451E-002
1.1483427460686240E+000 7.3341502738300507E-002
1.1483389336028547E+000 7.3645621753985285E-002
1.1483351427564532E+000 7.3949050284153675E-002
1.1483313741488235E+000 7.4251710726632350E-002
1.1483276283406481E+000 7.4553681703075261E-002
1.1483239058243253E+000 7.4854767914747142E-002
1.1483202068757954E+000 7.5155332101069672E-002
1.1483165319908442E+000 7.5454477879594514E-002
1.1483128817526158E+000 7.5752519609423627E-002
1.1483096336719110E+000 7.6018817381056314E-002
1.1483070965279585E+000 7.6227531922398353E-002
1.1483051563752811E+000 7.6387645418992067E-002
1.1483036761866812E+000 7.6510050483772574E-002
1.1483025362939572E+000 7.6604392591565748E-002
1.1483016450242263E+000 7.6678256928182600E-002
1.1483009362335064E+000 7.6737061388013547E-002
1.1483003632688860E+000 7.6784640064796600E-002
1.1482998932872865E+000 7.6823697252079090E-002
1.1482995029301653E+000 7.6855936116789356E-002
1.1482991752857779E+000 7.6882935638809310E-002
1.1482988978955637E+000 7.6905819366549846E-002
1.1482986613833559E+000 7.6925388706510417E-002
1.1482984585465266E+000 7.6942236341031436E-002
1.1482982837486484E+000 7.6956807293648663E-002
1.1482981325056323E+000 7.6969450558215358E-002
1.1482980011991615E+000 7.6980450154728944E-002
1.1482978868738292E+000 7.6990040653048264E-002
1.1482977870901954E+000 7.6998419212519195E-002
1.1482976998164609E+000 7.7005751335616199E-002
1.1482976233469810E+000 7.7012177586542080E-002
1.1482975552044958E+000 7.7017904856581151E-002
1.1482974910764454E+000 7.7023294566240685E-002
1.1482974290382975E+000 7.7028508237237781E-002
1.1482973681797524E+000 7.7033621830069648E-002
1.1482973079543703E+000 7.7038672506138231E-002
1.1482972430371596E+000 7.7043673088698250E-002
1.1482969129793597E+000 7.7048360287862869E-002
1.1482845230239644E+000 7.7040409913471136E-002
1.1481230167976553E+000 7.6875330842646028E-002
1.1476818745158421E+000 7.6394818666478986E-002
1.1465309973538225E+000 7.5192778030782059E-002
1.1432721604438472E+000 7.2412475260894990E-002
1.1366043285853149E+000 6.7826128590956936E-002
1.1266049924774264E+000 6.2229509190884637E-002
1.1138423006408442E+000 5.5731692428867850E-002
1.1002242522023551E+000 4.8935938350339207E-002
1.0871690595520791E+000 4.2710139381573621E-002
1.0745172023156733E+000 3.6794900457474800E-002
1.0677916001009382E+000 3.3469871019346072E-002
1.0608959922767207E+000 3.0065469858377842E-002
1.0509314831692262E+000 2.5352338507037549E-002
1.0392021940623757E+000 1.9858924236571950E-002
1.0278646973060694E+000 1.4722749422916624E-002
1.0161378893141708E+000 9.2874491536632381E-003
1.0047763673095365E+000 4.0787033519228497E-003
9.9399049080314195E-001 -7.0408864060773728E-004
9.8282179238257672E-001 -5.7822817526924286E-003
9.7197888785026099E-001 -1.0671670545878762E-002
9.6155860719648278E-001 -1.5262880844813758E-002
9.5121001635072144E-001 -1.9798683168835533E-002
9.4091590228957367E-001 -2.4310239258143435E-002
9.3062826666156906E-001 -2.8870394126736695E-002
9.2059575247424918E-001 -3.3282415339266680E-002
9.1067462433066759E-001 -3.7650519750348797E-002
9.0076954479198190E-001 -4.1998302730652623E-002
8.9089858347709883E-001 -4.6377587212578029E-002
8.8158693328021509E-001 -5.0376096973247485E-002
8.7645230948965458E-001 -5.2635570542271616E-002
8.7142514573470076E-001 -5.4866528422342992E-002
8.6420928885862935E-001 -5.8047349401407058E-002
8.5541044516697051E-001 -6.1876245568424401E-002
8.4659684823413628E-001 -6.5651656130882433E-002
8.3775021793980065E-001 -6.9430603440512120E-002
8.2898888921763492E-001 -7.3156245224112029E-002
8.2029824200068391E-001 -7.6856908883554023E-002
8.1164195134689532E-001 -8.0548215929883094E-002
8.0302293185084928E-001 -8.4223294891669687E-002
7.9469782658641230E-001 -8.7721531387906226E-002
7.8604256697654407E-001 -9.1473481729520981E-002
7.7804308895628738E-001 -9.4860683320656849E-002
7.6986505051242904E-001 -9.8392828441505181E-002
7.6185332350827173E-001 -1.0182880516620640E-001
7.5392046247538902E-001 -1.0520807427785643E-001
7.4614341590535538E-001 -1.0855282859540880E-001
7.3835290559183797E-001 -1.1188586339837298E-001
7.3066243962990862E-001 -1.1519891280695695E-001
7.2325472835929361E-001 -1.1833585472494024E-001
7.1578022507093308E-001 -1.2153509008450938E-001
7.0826729327781923E-001 -1.2476475061167545E-001
7.0106609610325166E-001 -1.2784474702043294E-001
6.9387969255850601E-001 -1.3093089444050093E-001
6.8674514431232203E-001 -1.3401417717352135E-001
6.7950892092470727E-001 -1.3716962510835667E-001
6.7254341664267447E-001 -1.4020879525853946E-001
6.6571198743847659E-001 -1.4319815356791071E-001
6.5897745485265202E-001 -1.4614441712778078E-001
6.5203622456511423E-001 -1.4922055552665681E-001
6.4527923451906810E-001 -1.5221344422019051E-001
6.3866825754625089E-001 -1.5516764277743483E-001
6.3214095572037365E-001 -1.5810186740305418E-001
6.2568039452753788E-001 -1.6102606863645488E-001
6.1938306404866483E-001 -1.6385327766415841E-001
6.1296459731640351E-001 -1.6679556681471788E-001
6.0682330490161451E-001 -1.6955695917911429E-001
6.0071088454192434E-001 -1.7238510924217171E-001
5.9465226633766100E-001 -1.7516037272518520E-001
5.8848558470320700E-001 -1.7805976372395252E-001
5.8253916431786434E-001 -1.8079154124704305E-001
5.7660174069512315E-001 -1.8359462003997576E-001
5.7073906491311732E-001 -1.8635045005817888E-001
5.6496982174239641E-001 -1.8907762982259624E-001
5.5918637727417475E-001 -1.9189293814713931E-001
5.5354604107698790E-001 -1.9456544196148673E-001
5.4792502988161262E-001 -1.9736049697100194E-001
5.4239388706932956E-001 -2.0002979904024745E-001
5.3687176986319107E-001 -2.0282466722212880E-001
5.3143709169908748E-001 -2.0549050567567642E-001
5.2600515685371330E-001 -2.0829656651077458E-001
5.2065184468679693E-001 -2.1096534239640277E-001
5.1547559100554474E-001 -2.1358359034994326E-001
5.1031232754474620E-001 -2.1628380328255273E-001
5.0518937835536870E-001 -2.1890910300982902E-001
5.0012722616918126E-001 -2.2161862932136886E-001
4.9508725918180269E-001 -2.2425148699346609E-001
4.9257991354221403E-001 -2.2569653622851205E-001
4.8997854272002156E-001 -2.2712559095541188E-001
4.8577387054716964E-001 -2.2930224595560109E-001
4.8102589487243641E-001 -2.3181250237999448E-001
4.7630733283947274E-001 -2.3450431187166990E-001
4.7150853895008460E-001 -2.3715232915161447E-001
4.6681411704299219E-001 -2.3979139248863626E-001
4.6215758629219722E-001 -2.4243104050485945E-001
4.5750278951332984E-001 -2.4519416314277184E-001
4.5283807539004972E-001 -2.4787314797195975E-001
4.4828047212809635E-001 -2.5053400194127878E-001
4.4374726070414205E-001 -2.5333364121890378E-001
4.3924262283648646E-001 -2.5591579352288024E-001
4.3489867481337269E-001 -2.5855690836049250E-001
4.3275761469166241E-001 -2.6011193460832960E-001
4.3043597442470938E-001 -2.6138102208333347E-001
4.2685467597562660E-001 -2.6353286759288569E-001
4.2264706983895128E-001 -2.6634596196775917E-001
4.1837676184308287E-001 -2.6896011777748918E-001
4.1427478523247979E-001 -2.7151790269213272E-001
4.1024931804749715E-001 -2.7420745948272879E-001
4.0615340861408450E-001 -2.7694870709698921E-001
4.0208025696777028E-001 -2.7971884886714476E-001
3.9802518616153976E-001 -2.8251209608610783E-001
3.9399842166505472E-001 -2.8532096411574592E-001
3.9002376855921167E-001 -2.8796227414595887E-001
3.8618859041508402E-001 -2.9074739558391255E-001
3.8231698627959915E-001 -2.9358049975673495E-001
3.7846435439332621E-001 -2.9625524531539438E-001
3.7473493613019948E-001 -2.9908997908811463E-001
3.7097709285106178E-001 -3.0177190256980513E-001
3.6733957773351761E-001 -3.0462474645412646E-001
3.6364658562899971E-001 -3.0754698072334929E-001
3.5995706212939077E-001 -3.1029075071534767E-001
3.5640821828317565E-001 -3.1320518780693074E-001
3.5281258223552742E-001 -3.1596551234224485E-001
3.4933653266962122E-001 -3.1891702979081493E-001
3.4580779023929320E-001 -3.2171017633509219E-001
3.4239556652222924E-001 -3.2470241847930670E-001
3.3893400623536929E-001 -3.2752418545318668E-001
3.3559011250873605E-001 -3.3031480264684387E-001
3.3231055057110159E-001 -3.3322650083044525E-001
3.2901777741688093E-001 -3.3619162130947411E-001
3.2572682573853640E-001 -3.3905080279887578E-001
3.2253388470600158E-001 -3.4216407764847628E-001
3.1926021699083640E-001 -3.4509443113115412E-001
3.1609135553767437E-001 -3.4799171686627095E-001
3.1301074658610795E-001 -3.5117451814817990E-001
3.0980783076983665E-001 -3.5401261553927588E-001
3.0833289159181465E-001 -3.5570812361922644E-001
3.0685272454081608E-001 -3.5699485165314526E-001
3.0442488996492212E-001 -3.5941567436836885E-001
3.0137823228039246E-001 -3.6243048524881594E-001
2.9840046825023703E-001 -3.6543418306912662E-001
2.9549791366258482E-001 -3.6876539043482781E-001
2.9247838560461970E-001 -3.7188863164367142E-001
2.8956060616528828E-001 -3.7497686075436487E-001
2.8670250317310847E-001 -3.7805738092118762E-001
2.8389090961440144E-001 -3.8115428211289876E-001
2.8110398446928825E-001 -3.8427143325786878E-001
2.7835324311231385E-001 -3.8740933740818684E-001
2.7564492908654242E-001 -3.9076046050772856E-001
2.7287189912817700E-001 -3.9400058720533060E-001
2.7018620260993992E-001 -3.9743180386602150E-001
2.6743469153185107E-001 -4.0053038891450787E-001
2.6486435832220134E-001 -4.0396854338742083E-001
2.6218733764773344E-001 -4.0710203975549569E-001
2.5965885311970721E-001 -4.1036660688866550E-001
2.5840614666036338E-001 -4.1230405790810731E-001
2.5718326652123480E-001 -4.1380189730365963E-001
2.5511978977012451E-001 -4.1639397222362579E-001
2.5261045238803409E-001 -4.1979972204633070E-001
2.5014051371963197E-001 -4.2345454471770100E-001
2.4757974240578370E-001 -4.2675272129842978E-001
2.4517844294717928E-001 -4.3020008823368300E-001
2.4275058161746105E-001 -4.3346190103140608E-001
2.4044307632391801E-001 -4.3691828571009528E-001
2.3809780113942969E-001 -4.4046662530265501E-001
2.3576145414025204E-001 -4.4405920105705676E-001
2.3342106162068318E-001 -4.4755675024794361E-001
2.3113770822868640E-001 -4.5105007257269308E-001
2.2890068947934791E-001 -4.5468787945325695E-001
2.2666077917669716E-001 -4.5838557431188526E-001
2.2442574400794704E-001 -4.6213700663858343E-001
2.2218018276953408E-001 -4.6563809871800066E-001
2.2005392532630355E-001 -4.6937775817601818E-001
2.1788693025565917E-001 -4.7306214812396563E-001
2.1576276081462839E-001 -4.7674801307579973E-001
2.1367780867360628E-001 -4.8061757188002230E-001
2.1262163557926131E-001 -4.8278889233375827E-001
2.1159283097875911E-001 -4.8447071686503101E-001
2.0995220878686174E-001 -4.8740946581827721E-001
2.0792129217214034E-001 -4.9138063322885062E-001
2.0584877803977047E-001 -4.9512383563876344E-001
2.0386890566754559E-001 -4.9898105711042240E-001
2.0189996214559133E-001 -5.0288496233411184E-001
1.9996110998705127E-001 -5.0699645082238698E-001
1.9797230023944234E-001 -5.1085570998617402E-001
1.9608611071442919E-001 -5.1502118028671473E-001
1.9414420082290912E-001 -5.1894448079376254E-001
1.9229294131705577E-001 -5.2319307770356549E-001
1.9038772709073143E-001 -5.2719047652942486E-001
1.8857955245958188E-001 -5.3150924327710147E-001
1.8670909952719611E-001 -5.3558327107363446E-001
1.8491942037344278E-001 -5.3980985551438143E-001
1.8312193088393455E-001 -5.4390770016534640E-001
1.8138385025230316E-001 -5.4818475160685531E-001
1.7965237091628941E-001 -5.5273584730854552E-001
1.7786797133940818E-001 -5.5702097845210474E-001
1.7617014267631476E-001 -5.6165030279715789E-001
1.7442482196607079E-001 -5.6600244276600664E-001
1.7274534080938406E-001 -5.7031717923521064E-001
1.7111094308640218E-001 -5.7484606891019763E-001
1.6945664311199454E-001 -5.7924900315117644E-001
1.6785726615072430E-001 -5.8387524409065727E-001
1.6623077015235335E-001 -5.8837746407999059E-001
1.6465962009793972E-001 -5.9309550883852746E-001
1.6307454613082739E-001 -5.9790745007663915E-001
1.6148804913397782E-001 -6.0256359328800868E-001
1.5995917577295904E-001 -6.0743177484230193E-001
1.5840434811531171E-001 -6.1214683100311829E-001
1.5691093008599427E-001 -6.1705574799552509E-001
1.5540439414910673E-001 -6.2205961608493998E-001
1.5390045119184401E-001 -6.2691117822925324E-001
1.5245138553056412E-001 -6.3198785651410749E-001
1.5098202611286249E-001 -6.3692383335677261E-001
1.4956789412845750E-001 -6.4210934500236405E-001
1.4812979639573368E-001 -6.4715157890817343E-001
1.4673740355181014E-001 -6.5245554026240116E-001
1.4533424984004095E-001 -6.5787682635307232E-001
1.4392424471017198E-001 -6.6312087110338014E-001
1.4256063836072100E-001 -6.6832452795591146E-001
1.4122984690220847E-001 -6.7368984967885848E-001
1.3989917340059158E-001 -6.7912673567224113E-001
1.3857545033425633E-001 -6.8480236771405933E-001
1.3723347795392438E-001 -6.9028517804771983E-001
1.3594339209084491E-001 -6.9602715246441882E-001
1.3463150098441551E-001 -7.0159508128640968E-001
1.3335655917925818E-001 -7.0712624662680246E-001
1.3211034316219089E-001 -7.1300619085359362E-001
1.3083723160570268E-001 -7.1872182795540174E-001
1.2959562100824668E-001 -7.2444383365871245E-001
1.2837436538300878E-001 -7.3016723898136138E-001
1.2717106240647036E-001 -7.3628607985174066E-001
1.2593725620096433E-001 -7.4204996610231488E-001
1.2475984370524616E-001 -7.4790285966157044E-001
1.2359216060860848E-001 -7.5380407667115157E-001
1.2243342533296679E-001 -7.5993227456638690E-001
1.2126470313493141E-001 -7.6600069918927771E-001
1.2066250516212029E-001 -7.6946133092070124E-001
1.2003865365407324E-001 -7.7267456534102796E-001
1.1925301153716614E-001 -7.7710053207363083E-001
1.1831671952642309E-001 -7.8199361065382711E-001
1.1727954003322492E-001 -7.8773127117814579E-001
1.1621131753343540E-001 -7.9389496774972890E-001
1.1513193855765211E-001 -8.0008216030527157E-001
1.1405879382578619E-001 -8.0668673692583626E-001
1.1296511794362828E-001 -8.1298750553009635E-001
1.1190886728100387E-001 -8.1960701377652878E-001
1.1084442415044048E-001 -8.2596111250981952E-001
1.0981471863902538E-001 -8.3244365230489181E-001
1.0878000215535094E-001 -8.3923100167851250E-001
1.0774309615469951E-001 -8.4573815850790734E-001
1.0673921692356392E-001 -8.5236824725284033E-001
1.0573546489865884E-001 -8.5907141470290249E-001
1.0474285420235410E-001 -8.6571417678172946E-001
1.0376041946748346E-001 -8.7258810135441733E-001
1.0277583266255867E-001 -8.7946556829964151E-001
1.0180664039761816E-001 -8.8619147220472394E-001
1.0086420470338373E-001 -8.9294474288132264E-001
9.9930865031675448E-002 -8.9988255815789864E-001
9.9003569422670468E-002 -9.0669933508862011E-001
9.8103845584212174E-002 -9.1334589192407367E-001
9.7230012714844619E-002 -9.1998536683675070E-001
9.6366956854161162E-002 -9.2668091614566106E-001
9.5518717343167248E-002 -9.3323629216870196E-001
9.4813645372199370E-002 -9.3883843796395561E-001
9.4069708451179013E-002 -9.4464078754942049E-001
9.3324645865990097E-002 -9.5061919743779832E-001
9.2579762102052918E-002 -9.5664839814480596E-001
9.1839428398711620E-002 -9.6280622798827564E-001
9.1102555478487182E-002 -9.6884843040003898E-001
9.0385736196965508E-002 -9.7479817048386386E-001
8.9684462116442792E-002 -9.8059990877842307E-001
8.9000573018713058E-002 -9.8647494710543970E-001
8.8321186202453883E-002 -9.9217256240159823E-001
8.7662578751334888E-002 -9.9767766923466372E-001
8.7024569080883990E-002 -1.0031702817031305E+000
8.6394269410282123E-002 -1.0086042196916818E+000
8.5772544992071861E-002 -1.0137952835339770E+000
8.5174937920315261E-002 -1.0190353406503414E+000
8.4578712055722330E-002 -1.0240291423865362E+000
8.4005273283510887E-002 -1.0288722634570036E+000
8.3446868373269659E-002 -1.0335865032337717E+000
8.2903124892373350E-002 -1.0383893801343274E+000
8.2353836330434624E-002 -1.0429429458922312E+000
8.1825688767528756E-002 -1.0472869007668246E+000
8.1315521107090033E-002 -1.0514562120120468E+000
8.0822745728689555E-002 -1.0555757291343715E+000
8.0337260228885279E-002 -1.0596121582725015E+000
7.9857886233642969E-002 -1.0634622466430239E+000
7.9394215509129257E-002 -1.0671829526712802E+000
7.8947964707247922E-002 -1.0709485547851452E+000
7.8494191088066559E-002 -1.0744934657534899E+000
7.8058950764989116E-002 -1.0778927059191563E+000
7.7636746424126671E-002 -1.0811781808042622E+000
7.7219613574046525E-002 -1.0842035250801147E+000
7.6831208578319724E-002 -1.0872511050571039E+000
7.6636576839001630E-002 -1.0889248531952855E+000
7.6447387284373586E-002 -1.0902331135431813E+000
7.6169026986335944E-002 -1.0920930893966589E+000
7.5824682396028090E-002 -1.0945396329782280E+000
7.5479812377494460E-002 -1.0973261781435104E+000
7.5117098358544770E-002 -1.0999218070804542E+000
7.4768440275194942E-002 -1.1024066490306808E+000
7.4429793475036712E-002 -1.1047973650973282E+000
7.4100471718988759E-002 -1.1071024662088988E+000
7.3803131644337105E-002 -1.1091822113327896E+000
7.3501654204761221E-002 -1.1112718731834055E+000
7.3199694391764589E-002 -1.1130013955426752E+000
7.2925578669336952E-002 -1.1150406112951738E+000
7.2636883101022717E-002 -1.1170296354873666E+000
7.2336662454157485E-002 -1.1186685496125024E+000
7.2081231606468885E-002 -1.1203002093347265E+000
7.1833149364734672E-002 -1.1222415968740298E+000
7.1555230973653461E-002 -1.1237825494181553E+000
7.1314342543452147E-002 -1.1254159499014824E+000
7.1075272629879754E-002 -1.1271889121361396E+000
7.0817712916650538E-002 -1.1285638707270171E+000
7.0596018342353989E-002 -1.1300129095716493E+000
7.0368012524368972E-002 -1.1316004776035822E+000
7.0135086136896396E-002 -1.1328319766215333E+000
6.9933958888312830E-002 -1.1342250065672281E+000
6.9708401067133594E-002 -1.1353819603021837E+000
6.9519658872305101E-002 -1.1368159209126605E+000
6.9284328792013225E-002 -1.1380280870426147E+000
6.9063781219939890E-002 -1.1392356201927440E+000
6.8867635924870163E-002 -1.1405760625648924E+000
6.8658690692015939E-002 -1.1415089024393807E+000
6.8484821420737640E-002 -1.1426337500076600E+000
6.8307163961164277E-002 -1.1438209630120952E+000
6.8140550963220359E-002 -1.1448059435407800E+000
6.7974613599558906E-002 -1.1458904296370447E+000
6.7890050715383912E-002 -1.1464724483525359E+000
6.7772765401604804E-002 -1.1472735972129151E+000
6.7631390355536239E-002 -1.1482239348943439E+000
6.7476336587365252E-002 -1.1492006753105402E+000
6.7328354968187815E-002 -1.1504091539557062E+000
6.7098979565299366E-002 -1.1510380057034819E+000
6.6971222228066257E-002 -1.1521702266231268E+000
6.6856210076625441E-002 -1.1525646496190789E+000
6.6809979582045306E-002 -1.1530360527974355E+000
6.6695731800519353E-002 -1.1537631077371990E+000
6.6614745069775869E-002 -1.1546979829510120E+000
6.6476182406467271E-002 -1.1558007623290689E+000
6.6370040557063414E-002 -1.1572561907448102E+000
6.6199231267249761E-002 -1.1586759960156221E+000
6.6053794088758527E-002 -1.1605561278029857E+000
6.5744712408025721E-002 -1.1611341228422574E+000
6.5622078357231647E-002 -1.1626577388988077E+000
6.5475081425774406E-002 -1.1630125140915519E+000
6.5436191776074737E-002 -1.1636165199136403E+000
6.5389002061782525E-002 -1.1637431813473995E+000
6.5343207678658408E-002 -1.1645271691403591E+000
6.5301369725571601E-002 -1.1649929040342224E+000
6.5207994697356580E-002 -1.1657685066097863E+000
6.5058576718541317E-002 -1.1668656549696830E+000
6.4878653854056292E-002 -1.1680755988098743E+000
6.4652151185118814E-002 -1.1688683890721343E+000
6.4514588434802039E-002 -1.1695524515033233E+000
6.4367595696885938E-002 -1.1704377024769201E+000
6.4189513189210803E-002 -1.1710098483332931E+000
6.4002347203390833E-002 -1.1722290725091991E+000
6.3810934743215281E-002 -1.1733585403514033E+000
6.3529416280496104E-002 -1.1743314818541768E+000
6.3202868225146369E-002 -1.1758140012768781E+000
6.3095360669899028E-002 -1.1767003245857930E+000
6.2993334197350537E-002 -1.1774536325205842E+000
6.2947517105831879E-002 -1.1778854287243148E+000
6.2922921443792579E-002 -1.1780285013539884E+000
6.2912491497877102E-002 -1.1781144501498531E+000
6.2906671641497311E-002 -1.1781716381912508E+000
6.2903417387188784E-002 -1.1782086729613124E+000
6.2892548024802639E-002 -1.1783625307114709E+000
6.2864745776501335E-002 -1.1787276711085579E+000
6.2784624655415233E-002 -1.1794608016914738E+000
6.2731788523533380E-002 -1.1799474470218498E+000
6.2666149990676934E-002 -1.1803130816783869E+000
6.2545272456378295E-002 -1.1809871501091571E+000
6.2358140264731583E-002 -1.1817040514055790E+000
6.2105173961772446E-002 -1.1823929036907805E+000
6.1860691600243448E-002 -1.1830360337818497E+000
6.1621801880295521E-002 -1.1835705818939113E+000
6.1404451254021199E-002 -1.1839542848048001E+000
6.1214950168187322E-002 -1.1843717776666216E+000
6.1028118693794570E-002 -1.1847771265149154E+000
6.0836909807742680E-002 -1.1850929430223252E+000
6.0659498519127490E-002 -1.1854269403028848E+000
6.0485159158958905E-002 -1.1858532167081561E+000
6.0242259810855882E-002 -1.1862850142053014E+000
6.0093811038149522E-002 -1.1866504771445694E+000
6.0007328178034988E-002 -1.1867819199610101E+000
5.9922515578671551E-002 -1.1870170244056242E+000
5.9852612778377820E-002 -1.1872169115316529E+000
5.9743307225148257E-002 -1.1875105202931870E+000
5.9600714401860280E-002 -1.1878630904643510E+000
5.9433261387393230E-002 -1.1882800058062708E+000
5.9249443506493062E-002 -1.1884983265779503E+000
5.9000993964793365E-002 -1.1890186159162233E+000
5.8777579639795324E-002 -1.1894700111484713E+000
5.8559631114576870E-002 -1.1896801295798338E+000
5.8412070327766914E-002 -1.1899836642444479E+000
5.8331175937171680E-002 -1.1900441577213969E+000
5.8262728954189595E-002 -1.1901983852150821E+000
5.8209129068766713E-002 -1.1902635993205921E+000
5.8166676593814796E-002 -1.1903643980715013E+000
5.8133034405406694E-002 -1.1904064180887890E+000
5.8109999870343883E-002 -1.1904632679886125E+000
5.8085511025670340E-002 -1.1904901730785580E+000
5.8068443964812845E-002 -1.1905300494332203E+000
5.8050423946035747E-002 -1.1905472949332925E+000
5.8038316032084029E-002 -1.1905748676938777E+000
5.8026136245088622E-002 -1.1905784717713790E+000
5.8017911070911025E-002 -1.1905991178879938E+000
5.8009503827638989E-002 -1.1906015538039474E+000
5.8003513478147035E-002 -1.1906162643548970E+000
5.7997666964447643E-002 -1.1906216042835920E+000
5.7993493740747658E-002 -1.1906308952461024E+000
5.7989704520601038E-002 -1.1906350830236023E+000
5.7986005038288817E-002 -1.1906443303574528E+000
5.7973028392975273E-002 -1.1906824581444349E+000
5.7940718011488417E-002 -1.1907787382211650E+000
5.7865314726865291E-002 -1.1909871695731227E+000
5.7732446759739764E-002 -1.1913048401610125E+000
5.7574340039652602E-002 -1.1916402929065364E+000
5.7410171267172364E-002 -1.1919209843156782E+000
5.7249112814503331E-002 -1.1922179000771809E+000
5.7086815976768922E-002 -1.1925036464682381E+000
5.6984853050928534E-002 -1.1925673662454674E+000
5.6944084853138004E-002 -1.1926410135631318E+000
5.6921442916435902E-002 -1.1926725031067951E+000
5.6911565491658579E-002 -1.1926919726709557E+000
5.6876030687068889E-002 -1.1927678890704494E+000
5.6803409522040924E-002 -1.1929321519746383E+000
5.6685841331634096E-002 -1.1931792447803118E+000
5.6538621756551798E-002 -1.1934375427550061E+000
5.6374819173445397E-002 -1.1936988169533749E+000
5.6203520695859335E-002 -1.1939699578100771E+000
5.5963591848542514E-002 -1.1942527271555912E+000
5.5807416549775793E-002 -1.1944718349502259E+000
5.5556236248624893E-002 -1.1948172870880025E+000
5.5414766399293047E-002 -1.1949537249678841E+000
5.5336936375906101E-002 -1.1950453145363622E+000
5.5276404195070718E-002 -1.1950414053612988E+000
5.5246880450613788E-002 -1.1950787269950560E+000
5.5228945920965868E-002 -1.1951052979845076E+000
5.5217954519510178E-002 -1.1951214651543045E+000
5.5181345814408922E-002 -1.1951815617784363E+000
5.5105994184362857E-002 -1.1952909060569330E+000
5.5000136362388222E-002 -1.1954451338913235E+000
5.4869114120642978E-002 -1.1956275085864780E+000
5.4683478020227889E-002 -1.1958630441490150E+000
5.4438081237917137E-002 -1.1961721682727362E+000
5.4149133384379586E-002 -1.1965007051433478E+000
5.3973690475859655E-002 -1.1966210328568223E+000
5.3894909105535460E-002 -1.1967041281434829E+000
5.3837007381775513E-002 -1.1967569302359387E+000
5.3833038018868538E-002 -1.1967515460552405E+000
5.3812703598857259E-002 -1.1967626499367401E+000
5.3780103524813994E-002 -1.1967898793678362E+000
5.3722162212892138E-002 -1.1968439844279994E+000
5.3616405506030057E-002 -1.1969490548433104E+000
5.3459888728116647E-002 -1.1970946263127076E+000
5.3251258323275381E-002 -1.1972897024582232E+000
5.2976095041421090E-002 -1.1975477597069111E+000
5.2627285858256073E-002 -1.1978195543305132E+000
5.2192512489174669E-002 -1.1981688319139869E+000
5.1921612298416998E-002 -1.1983612145744877E+000
5.1645583009705870E-002 -1.1984775408522570E+000
5.1282688664700808E-002 -1.1987033712431312E+000
5.0842399210209936E-002 -1.1988828529319355E+000
5.0322306598761829E-002 -1.1991501812628413E+000
4.9805107453500336E-002 -1.1993649153480481E+000
4.9297362691789366E-002 -1.1995395619193248E+000
4.8798065199190298E-002 -1.1996985562302549E+000
4.8296925050411277E-002 -1.1998600625861817E+000
4.7798689559141620E-002 -1.1999739180099320E+000
4.7313468957760098E-002 -1.2000398105594383E+000
4.6827064688570438E-002 -1.2001198470888108E+000
4.6344425122886695E-002 -1.2001541410774401E+000
4.5874263653994898E-002 -1.2001555094796854E+000
4.5406294897120981E-002 -1.2001516559168190E+000
4.4937137760972710E-002 -1.2001227860559203E+000
4.4477091851772156E-002 -1.2000580437485615E+000
4.4016816820608200E-002 -1.1999801430146089E+000
4.3567226212760470E-002 -1.1998650193899443E+000
4.3127295774310875E-002 -1.1997442126295357E+000
4.2679552644703619E-002 -1.1996089203306748E+000
4.2237958988605294E-002 -1.1994389552704579E+000
4.1798878517040179E-002 -1.1992506435574950E+000
4.1362671624125810E-002 -1.1990418527461977E+000
4.0929572323992504E-002 -1.1988094964711882E+000
4.0511090669200119E-002 -1.1985590447399159E+000
4.0092540395532852E-002 -1.1983022911983823E+000
3.9686001563398146E-002 -1.1980310059566237E+000
3.9277692627476365E-002 -1.1977488569254899E+000
3.8871858118516546E-002 -1.1974426337494901E+000
3.8476360577488655E-002 -1.1971328962565184E+000
3.8080907740094656E-002 -1.1967998098264636E+000
3.7675346330128777E-002 -1.1964474057919037E+000
3.7290606054063341E-002 -1.1960846508326990E+000
3.6906038761244271E-002 -1.1957163689499295E+000
3.6520204531137829E-002 -1.1953244148180846E+000
3.6143481515029177E-002 -1.1949272284251042E+000
3.5772498694081806E-002 -1.1945166398725746E+000
3.5399328203825332E-002 -1.1940964266769620E+000
3.5040995332092983E-002 -1.1936803359234989E+000
3.4684154110946920E-002 -1.1932526135871244E+000
3.4323985332949926E-002 -1.1928035130972081E+000
3.3967524400051574E-002 -1.1923428738639472E+000
3.3620496751834969E-002 -1.1918828498613590E+000
3.3267939829637619E-002 -1.1913976624249660E+000
3.2926045696975742E-002 -1.1909141433717623E+000
3.2579242778906226E-002 -1.1904046190352227E+000
3.2247108352647970E-002 -1.1899071967380435E+000
3.1916423745962978E-002 -1.1894037757680513E+000
3.1587813551949763E-002 -1.1888937953520202E+000
3.1253296627641619E-002 -1.1883479900710496E+000
3.0933602841696651E-002 -1.1878180494693709E+000
3.0615022739358150E-002 -1.1872792828196581E+000
3.0298395081003401E-002 -1.1867344803505546E+000
2.9991716612871464E-002 -1.1861967263979170E+000
2.9683568634431272E-002 -1.1856405625872433E+000
2.9374162409397671E-002 -1.1850726829110894E+000
2.9071068918280964E-002 -1.1845004289682617E+000
2.8766945825356712E-002 -1.1839135059736570E+000
2.8469361731685294E-002 -1.1833249580431311E+000
2.8176977319674546E-002 -1.1827418042305931E+000
2.7887853678356344E-002 -1.1821497945842487E+000
2.7594283565656148E-002 -1.1815372250982163E+000
2.7311559829292349E-002 -1.1809351225637696E+000
2.7027980391844925E-002 -1.1803224800583292E+000
2.6744921397272130E-002 -1.1796953154407235E+000
2.6471618595571612E-002 -1.1790820164741833E+000
2.6196687625004555E-002 -1.1784567532398347E+000
2.5929734550327418E-002 -1.1778364424027195E+000
2.5660423443630970E-002 -1.1772004724400591E+000
2.5398982369434685E-002 -1.1765731413972980E+000
2.5134804520036001E-002 -1.1759274752851552E+000
2.4878306641116052E-002 -1.1752910742038096E+000
2.4626977359595355E-002 -1.1746578542111659E+000
2.4371343670468646E-002 -1.1740032454969691E+000
2.4122850665167783E-002 -1.1733574128509376E+000
2.3871471525806758E-002 -1.1726919942784777E+000
2.3627658296556043E-002 -1.1720367415564954E+000
2.3380872986848451E-002 -1.1713615851553369E+000
2.3141952531489707E-002 -1.1707022906075990E+000
2.2899666049963158E-002 -1.1700184306810832E+000
2.2664978124654976E-002 -1.1693488600135031E+000
2.2427273277302342E-002 -1.1686577077476363E+000
2.2197097065755803E-002 -1.1679821931547256E+000
2.1971523933679547E-002 -1.1673086733225810E+000
2.1741654437678611E-002 -1.1666159804187948E+000
2.1518358415586802E-002 -1.1659292584712375E+000
2.1299977616019983E-002 -1.1652546542220503E+000
2.1076907457838225E-002 -1.1645476042267511E+000
2.0860924222424630E-002 -1.1638625228517463E+000
2.0644780836179474E-002 -1.1631581024017217E+000
2.0430297900220235E-002 -1.1624565064405845E+000
2.0220957518157688E-002 -1.1617546049086316E+000
2.0011902134319366E-002 -1.1610541491103248E+000
1.9815444648863707E-002 -1.1603947755781190E+000
1.9605601924385384E-002 -1.1596615360737355E+000
1.9399522549511369E-002 -1.1589434195080268E+000
1.9207214442335398E-002 -1.1582638805221901E+000
1.8999362307214947E-002 -1.1575137802926649E+000
1.8808415796342879E-002 -1.1568247175261372E+000
1.8614574335481856E-002 -1.1561060376521355E+000
1.8413032446055411E-002 -1.1553512675901085E+000
1.8227699180174424E-002 -1.1546529486440473E+000
1.8036040958741877E-002 -1.1539186106053902E+000
1.7857584117905070E-002 -1.1532374868397526E+000
1.7678397256393943E-002 -1.1525372669423866E+000
1.7492386437841102E-002 -1.1518071622487189E+000
1.7319141649059674E-002 -1.1511177915457478E+000
1.7127683448336387E-002 -1.1503329252753967E+000
1.6948231532479530E-002 -1.1495951270667890E+000
1.6775307831673497E-002 -1.1488793907105350E+000
1.6600756397053499E-002 -1.1481479592597286E+000
1.6431675023654578E-002 -1.1474304497719381E+000
1.6260658884339255E-002 -1.1466963680506761E+000
1.6095003825480285E-002 -1.1459808704474317E+000
1.5927133416182727E-002 -1.1452427093451625E+000
1.5764767801804469E-002 -1.1445261890381864E+000
1.5605742863893568E-002 -1.1438165152237612E+000
1.5443064894594981E-002 -1.1430649061011096E+000
1.5269479218569779E-002 -1.1422624248780611E+000
1.5124948124257586E-002 -1.1416084111300253E+000
1.4979133749448179E-002 -1.1409314064372091E+000
1.4816401370752297E-002 -1.1401561515082808E+000
1.4663487619566547E-002 -1.1394245348093210E+000
1.4511864533475563E-002 -1.1386946034424448E+000
1.4356939409954332E-002 -1.1379204475284754E+000
1.4206526604138511E-002 -1.1371896956763190E+000
1.4065849849381078E-002 -1.1364905564877101E+000
1.3914482822203294E-002 -1.1357072282810319E+000
1.3768143938785955E-002 -1.1349733098942698E+000
1.3631494982799542E-002 -1.1342702686758352E+000
1.3485421470974363E-002 -1.1334899644311047E+000
1.3338434811350231E-002 -1.1327146399613939E+000
1.3215169090209077E-002 -1.1320708810208997E+000
1.3076905095016841E-002 -1.1313316088386252E+000
1.2943934619915108E-002 -1.1306141128155724E+000
1.2814374384477302E-002 -1.1299129887496562E+000
1.2691084086763251E-002 -1.1292406617817434E+000
1.2539709282176521E-002 -1.1283896664197179E+000
1.2414959994388623E-002 -1.1276935896078919E+000
1.2298673413094496E-002 -1.1270329350966906E+000
1.2172270784814017E-002 -1.1263183368036962E+000
1.2053429165212267E-002 -1.1256334287634491E+000
1.1925319163243967E-002 -1.1248815676120829E+000
1.1803159490028553E-002 -1.1241649809584269E+000
1.1687740860058289E-002 -1.1234823389662023E+000
1.1569099487626213E-002 -1.1227659872919464E+000
1.1455356240609171E-002 -1.1220786405293599E+000
1.1346268659590106E-002 -1.1214160589914361E+000
1.1236345923621325E-002 -1.1207406880289408E+000
1.1129123666788390E-002 -1.1200792204716083E+000
1.1020657072846335E-002 -1.1194015877909917E+000
1.0914378660163605E-002 -1.1187337823534449E+000
1.0801706426846882E-002 -1.1180168595661446E+000
1.0696467301167955E-002 -1.1173474413725955E+000
1.0590275636558280E-002 -1.1166701089862749E+000
1.0481503657975023E-002 -1.1159697699390589E+000
1.0371996226902679E-002 -1.1152563080746685E+000
1.0266378765067575E-002 -1.1145649782566529E+000
1.0159469840820346E-002 -1.1138624961711663E+000
1.0056081742736334E-002 -1.1131805087100535E+000
9.9512320764303889E-003 -1.1124836996689698E+000
9.9512320764303889E-003 -1.1124836996689698E+000
