1.0999999787792873E+000 -3.8986443558319546E-002
1.0999999518439745E+000 -5.1830416471369836E-002
1.0999999161186316E+000 -6.2551101176038126E-002
1.0999998528225186E+000 -7.3423941544864452E-002
1.0999997576749996E+000 -8.2428498565838254E-002
1.0999996122072273E+000 -8.9577163223353379E-002
1.0999993690935921E+000 -9.4889198636811445E-002
1.0999989216459705E+000 -9.7216377472174070E-002
1.0999979366036337E+000 -9.6305316167632021E-002
1.0999953604385520E+000 -9.4918454340555902E-002
1.0999892436585386E+000 -9.3989461815790404E-002
1.0999750015656076E+000 -9.2597416268395225E-002
1.0999371240109554E+000 -8.9709312537809310E-002
1.0998893845166382E+000 -8.6329845075790501E-002
1.0998499614651722E+000 -8.3603828194863256E-002
1.0998176171056093E+000 -8.1384319683802123E-002
1.0997912119044306E+000 -7.9579128509832980E-002
1.0997688463167381E+000 -7.8051520830626275E-002
1.0997484739444516E+000 -7.6659171242642918E-002
1.0997292270377588E+000 -7.5342112830388150E-002
1.0997106132073584E+000 -7.4065490451677776E-002
1.0996922995196914E+000 -7.2805637343189678E-002
1.0996742294097808E+000 -7.1560627730751711E-002
1.0996564293674547E+000 -7.0332698521272941E-002
1.0996388660553793E+000 -6.9118730437348647E-002
1.0996214729487066E+000 -6.7913696019177350E-002
1.0996041659411895E+000 -6.6711954434647516E-002
1.0995869052057314E+000 -6.5510793950556478E-002
1.0995696731499573E+000 -6.4308961420057945E-002
1.0995524634264329E+000 -6.3105867441743874E-002
1.0995353683257010E+000 -6.1908773328666802E-002
1.0995184368016544E+000 -6.0721036727853998E-002
1.0995016048065502E+000 -5.9538876307641389E-002
1.0994848434146838E+000 -5.8359953369938919E-002
1.0994681412336591E+000 -5.7183357254754187E-002
1.0994514959029775E+000 -5.6008929173962482E-002
1.0994349099338052E+000 -5.4837593720430948E-002
1.0994183887170472E+000 -5.3669183831540200E-002
1.0994019393751144E+000 -5.2504732428150437E-002
1.0993855702885709E+000 -5.1344870135109071E-002
1.0993692910282680E+000 -5.0190859896138029E-002
1.0993531125727167E+000 -4.9043471414902229E-002
1.0993370469009909E+000 -4.7903952854827125E-002
1.0993211068231932E+000 -4.6773684095473951E-002
1.0993053060218125E+000 -4.5653811377387638E-002
1.0992896587412200E+000 -4.4545872330503493E-002
1.0992741798087600E+000 -4.3451316216835081E-002
1.0992588845864952E+000 -4.2370942723862673E-002
1.0992437871677179E+000 -4.1306526105988825E-002
1.0992154192335455E+000 -3.9298825341305479E-002
1.0991764554112529E+000 -3.6540967083533007E-002
1.0991446724231966E+000 -3.4302277015736356E-002
1.0991180869426345E+000 -3.2450632931925252E-002
1.0990721656428162E+000 -2.9197626260084313E-002
1.0990164503062692E+000 -2.5120571679394903E-002
1.0989706546761289E+000 -2.1462087243693646E-002
1.0989330525943477E+000 -1.8074703559435450E-002
1.0989021750841719E+000 -1.5122559150568836E-002
1.0988768924256189E+000 -1.2813602288116148E-002
1.0988563092982659E+000 -1.0982773418802131E-002
1.0988396183839428E+000 -9.5173272661721285E-003
1.0988261224287270E+000 -8.3408736705854122E-003
1.0988152336089565E+000 -7.3921604135275204E-003
1.0988062124423561E+000 -6.5968313499171075E-003
1.0987980315438990E+000 -5.8877193714189273E-003
1.0987902556979898E+000 -5.2102654684478382E-003
1.0987826787137005E+000 -4.5467319288968666E-003
1.0987751967700654E+000 -3.8931172547345045E-003
1.0987677564732303E+000 -3.2387181107594986E-003
1.0987603308259859E+000 -2.5855035492056444E-003
1.0987529117148596E+000 -1.9345303457946469E-003
1.0987455014710763E+000 -1.2813757770166205E-003
1.0987381038587414E+000 -6.2729812120827680E-004
1.0987307221709748E+000 2.6839946577621792E-005
1.0987233600953743E+000 6.8277014131666580E-004
1.0987160202642534E+000 1.3380497403830704E-003
1.0987087062512431E+000 1.9937583072505852E-003
1.0987014225978220E+000 2.6482447663286075E-003
1.0986941730997932E+000 3.3017958396708300E-003
1.0986869609529790E+000 3.9542622423017586E-003
1.0986797888755870E+000 4.6076660259423575E-003
1.0986726587329767E+000 5.2567715678454707E-003
1.0986655724951133E+000 5.9037776811202989E-003
1.0986585320802971E+000 6.5488003997788520E-003
1.0986515390453599E+000 7.1916195027833937E-003
1.0986445946787105E+000 7.8336255230093098E-003
1.0986376999142242E+000 8.4761814262583352E-003
1.0986308533358482E+000 9.1091959794982000E-003
1.0986240564557295E+000 9.7441085572458654E-003
1.0986173104821060E+000 1.0374028221632362E-002
1.0986106150057906E+000 1.1000966962243465E-002
1.0986039714052842E+000 1.1623965976147520E-002
1.0985973810577701E+000 1.2245930127594453E-002
1.0985908445871075E+000 1.2863530334638835E-002
1.0985843618880105E+000 1.3478608662123002E-002
1.0985779321184046E+000 1.4088585088187449E-002
1.0985715555616260E+000 1.4696143652258050E-002
1.0985652329004396E+000 1.5298818117947487E-002
1.0985589633956971E+000 1.5899560187252193E-002
1.0985527463993381E+000 1.6505695451101546E-002
1.0985465790267557E+000 1.7097531453393579E-002
1.0985404616502803E+000 1.7688646338200539E-002
1.0985343956780629E+000 1.8276126932463381E-002
1.0985283806200008E+000 1.8860058841131115E-002
1.0985224168338956E+000 1.9441191301616593E-002
1.0985165042012262E+000 2.0017803159426986E-002
1.0985106425001900E+000 2.0590647936457280E-002
1.0985048315159938E+000 2.1160023408617043E-002
1.0984990709776667E+000 2.1731572506676872E-002
1.0984933598201230E+000 2.2291163038322358E-002
1.0984876982240133E+000 2.2850910680863350E-002
1.0984820854767505E+000 2.3405234394484272E-002
1.0984765214209968E+000 2.3957954637912952E-002
1.0984710056789291E+000 2.4505590336452259E-002
1.0984655378551815E+000 2.5053310447402569E-002
1.0984601182113256E+000 2.5595756256506886E-002
1.0984547453335565E+000 2.6133569077517599E-002
1.0984494181636415E+000 2.6668302856528339E-002
1.0984441368390392E+000 2.7199717256911071E-002
1.0984389010701330E+000 2.7727794846758736E-002
1.0984337105045723E+000 2.8252543304015776E-002
1.0984285647521224E+000 2.8774513917148855E-002
1.0984234633704728E+000 2.9292743196724137E-002
1.0984184058722526E+000 2.9807664599776011E-002
1.0984133917888201E+000 3.0319303025568064E-002
1.0984084207521585E+000 3.0829296854965240E-002
1.0984034923666266E+000 3.1333920481772914E-002
1.0983986063344962E+000 3.1835142216837843E-002
1.0983937621554316E+000 3.2333220474567541E-002
1.0983889593707747E+000 3.2830092393642443E-002
1.0983841967276273E+000 3.3321170606951306E-002
1.0983794738626875E+000 3.3809906697536050E-002
1.0983747910720789E+000 3.4295683610067143E-002
1.0983701479335426E+000 3.4778527449984359E-002
1.0983655440230491E+000 3.5260944382638236E-002
1.0983609790796194E+000 3.5738027488423030E-002
1.0983564527340068E+000 3.6211638670166975E-002
1.0983519645027247E+000 3.6682529724592461E-002
1.0983475139471137E+000 3.7150511844194746E-002
1.0983388355435197E+000 3.8062840876271313E-002
1.0983118161965899E+000 4.0901304098495420E-002
1.0982565645249827E+000 4.6798904893106931E-002
1.0982062126783898E+000 5.2405926578765902E-002
1.0981630375114868E+000 5.7387905535513810E-002
1.0981255260597140E+000 6.1853659521008422E-002
1.0980942207518580E+000 6.5693137695663331E-002
1.0980687437094663E+000 6.8888268694706128E-002
1.0980483556296790E+000 7.1503405159309100E-002
1.0980313812704863E+000 7.3714067120283389E-002
1.0980175904142739E+000 7.5530806070003217E-002
1.0980065846118530E+000 7.7001480895273061E-002
1.0979974449096526E+000 7.8233231094682151E-002
1.0979896689070729E+000 7.9289938352311837E-002
1.0979832905405651E+000 8.0161910650498810E-002
1.0979779062893247E+000 8.0899620043539108E-002
1.0979732812161540E+000 8.1536594964940382E-002
1.0979692675720194E+000 8.2092151848424361E-002
1.0979657640366136E+000 8.2578497776274157E-002
1.0979628458606745E+000 8.2985506008433935E-002
1.0979604448485978E+000 8.3319443002542251E-002
1.0979585891377102E+000 8.3579263805456688E-002
1.0979571980855016E+000 8.3774211868816228E-002
1.0979561620699532E+000 8.3919501731533952E-002
1.0979553833133018E+000 8.4028804326210613E-002
1.0979547875691513E+000 8.4112490182822311E-002
1.0979543224353407E+000 8.4177870721191567E-002
1.0979539519736836E+000 8.4229979986587725E-002
1.0979536516227359E+000 8.4273621057429512E-002
1.0979534044741011E+000 8.4308871517754388E-002
1.0979531984964059E+000 8.4338083484006884E-002
1.0979530250641010E+000 8.4362626137391150E-002
1.0979528778205543E+000 8.4383441530341330E-002
1.0979527519671362E+000 8.4401223731410541E-002
1.0979526438027711E+000 8.4416502253725587E-002
1.0979525504183878E+000 8.4429690758256196E-002
1.0979524694895824E+000 8.4441118952346420E-002
1.0979523991327733E+000 8.4451053284805483E-002
1.0979523378031311E+000 8.4459712749820059E-002
1.0979522842206502E+000 8.4467278153956285E-002
1.0979522373154165E+000 8.4473900460620505E-002
1.0979521961864154E+000 8.4479707415179822E-002
1.0979521584166239E+000 8.4485039974391815E-002
1.0979521223274391E+000 8.4490135381314460E-002
1.0979520871455781E+000 8.4495102448875536E-002
1.0979520524799029E+000 8.4499994005504217E-002
1.0979520173420725E+000 8.4504835337878503E-002
1.0979519467974537E+000 8.4509614016692297E-002
1.0979503620917170E+000 8.4513265350235511E-002
1.0978989521320246E+000 8.4480769082444077E-002
1.0975213034874505E+000 8.4204960505981211E-002
1.0966862950414338E+000 8.3525046887104312E-002
1.0942898260211436E+000 8.1412542449136427E-002
1.0901261906765598E+000 7.8026513352010704E-002
1.0833234663490001E+000 7.3227295709364662E-002
1.0728668005280741E+000 6.6833765986279450E-002
1.0606845950577233E+000 6.0179795869523364E-002
1.0480499658615667E+000 5.3692961763158097E-002
1.0352055660965822E+000 4.7247027507843660E-002
1.0225926007546866E+000 4.1052569168788279E-002
1.0107926264356004E+000 3.5484020367018795E-002
9.9905086454569914E-001 2.9961538014769227E-002
9.8789972539405202E-001 2.4860444276279283E-002
9.7695282970110531E-001 1.9914443489872622E-002
9.6603408519362532E-001 1.4981010228783001E-002
9.5555348349649805E-001 1.0325534918248091E-002
9.4521246521215530E-001 5.7677311128253757E-003
9.3487524474811667E-001 1.2389290869983883E-003
9.2456610836471309E-001 -3.3099723665734404E-003
9.1477588592056325E-001 -7.5655494259978711E-003
9.0513174209305802E-001 -1.1711537771081753E-002
8.9554051205001273E-001 -1.5803788894020780E-002
8.8597151743261737E-001 -1.9848131415623010E-002
8.7675848056907657E-001 -2.3719102058445456E-002
8.6766888087052385E-001 -2.7514922233121179E-002
8.5864655366066955E-001 -3.1265519616889531E-002
8.4966086633937910E-001 -3.5003924419505582E-002
8.4065195214006994E-001 -3.8729092208174755E-002
8.3201015090203023E-001 -4.2299432417016357E-002
8.2340803910793925E-001 -4.5841623701412808E-002
8.1481987530011102E-001 -4.9349242702391494E-002
8.0616706056912490E-001 -5.2962727941778850E-002
7.9793832577285917E-001 -5.6343884934739012E-002
7.8942561746420004E-001 -5.9889951061664552E-002
7.8133034654269928E-001 -6.3246971584223946E-002
7.7342708806951921E-001 -6.6505098091236836E-002
7.6563220622030603E-001 -6.9693596712660538E-002
7.5764624269708059E-001 -7.2974392103984237E-002
7.4988440431236070E-001 -7.6168147525193394E-002
7.4223258260877001E-001 -7.9319451620895487E-002
7.3465453130194280E-001 -8.2438851546575750E-002
7.2711328849918166E-001 -8.5530934092416716E-002
7.1939551648031819E-001 -8.8758287969123106E-002
7.1208275206295624E-001 -9.1775889417808537E-002
7.0507485208881593E-001 -9.4691319843603003E-002
6.9790195929340437E-001 -9.7683311541183246E-002
6.9091228609128430E-001 -1.0056705964247063E-001
6.8394164840858551E-001 -1.0345377874259806E-001
6.7699535154134249E-001 -1.0633884536179475E-001
6.7010270265411132E-001 -1.0921907615955576E-001
6.6326878575934134E-001 -1.1209920309856197E-001
6.5658395332422026E-001 -1.1491406869755855E-001
6.4978295668375841E-001 -1.1783498738167128E-001
6.4315639046171025E-001 -1.2067251929857147E-001
6.3666477067845983E-001 -1.2347507763937723E-001
6.3337562022814797E-001 -1.2492221462119639E-001
6.3004886283836015E-001 -1.2634963055711299E-001
6.2497359964273880E-001 -1.2855896510014359E-001
6.1876932438145171E-001 -1.3133127140511225E-001
6.1273123264517482E-001 -1.3397218316257789E-001
6.0666587035628550E-001 -1.3667526963458518E-001
6.0055446374930477E-001 -1.3941120553205821E-001
5.9447697198912208E-001 -1.4215936999049436E-001
5.8850536195735914E-001 -1.4484233340623273E-001
5.8246080881654938E-001 -1.4764766447858993E-001
5.7663072763819812E-001 -1.5027756818943974E-001
5.7086303559332197E-001 -1.5299116502866014E-001
5.6511965728798141E-001 -1.5566472242936505E-001
5.6226743828586356E-001 -1.5705795944230100E-001
5.5936474996451058E-001 -1.5837953304719643E-001
5.5492108540379159E-001 -1.6046824410582639E-001
5.4943774976114856E-001 -1.6311914011391557E-001
5.4403802381509114E-001 -1.6569390986230292E-001
5.3868566817435237E-001 -1.6831858349325979E-001
5.3330530889137129E-001 -1.7095791874822230E-001
5.2790723526570660E-001 -1.7371527726271060E-001
5.2257572994933266E-001 -1.7633193664062738E-001
5.1732091223737986E-001 -1.7909169556775223E-001
5.1208064518129737E-001 -1.8172411584076181E-001
5.0703412733233166E-001 -1.8430189807955166E-001
5.0202353325489213E-001 -1.8695645030904379E-001
4.9703937075995941E-001 -1.8955223552282754E-001
4.9210293767827645E-001 -1.9223450591171010E-001
4.8718850345427589E-001 -1.9484509066754441E-001
4.8479639580784256E-001 -1.9639189938432092E-001
4.8218629946218855E-001 -1.9766391000213968E-001
4.7825695753630543E-001 -1.9985501709739228E-001
4.7356276345012233E-001 -2.0237589421560895E-001
4.6899081806307591E-001 -2.0494948025756243E-001
4.6439629924844539E-001 -2.0769022841054666E-001
4.5975262374406561E-001 -2.1029704875294766E-001
4.5523986521265558E-001 -2.1299740027221414E-001
4.5071102469885710E-001 -2.1566951744395849E-001
4.4624981771705580E-001 -2.1834443371924508E-001
4.4183468473985155E-001 -2.2101659177670893E-001
4.3744284130857269E-001 -2.2385854982806400E-001
4.3301074494482816E-001 -2.2662619522787028E-001
4.2869069782609442E-001 -2.2937800450536094E-001
4.2442795735856459E-001 -2.3213877828017959E-001
4.2023077046227397E-001 -2.3473864526592425E-001
4.1616400821074712E-001 -2.3746009457315864E-001
4.1207295055307591E-001 -2.4022847762057487E-001
4.0798786835421857E-001 -2.4303557541006179E-001
4.0393613867251893E-001 -2.4586926191620398E-001
3.9990699001164259E-001 -2.4862811515678204E-001
3.9597762631401656E-001 -2.5136985823048313E-001
3.9210513075791570E-001 -2.5422221537302458E-001
3.8822688557227741E-001 -2.5712321904366325E-001
3.8434950228286563E-001 -2.6006466404774531E-001
3.8049829342348696E-001 -2.6282110359332589E-001
3.7681150818581727E-001 -2.6574936333825588E-001
3.7306744796411223E-001 -2.6851330326957412E-001
3.6947129187445388E-001 -2.7147181197855075E-001
3.6769873101747541E-001 -2.7317923270708400E-001
3.6572765225233012E-001 -2.7451969890244426E-001
3.6284227971660327E-001 -2.7681409339216501E-001
3.5932090758987517E-001 -2.7960737204415653E-001
3.5588851678573263E-001 -2.8265081119591673E-001
3.5234693185071952E-001 -2.8553655320075849E-001
3.4895428777531640E-001 -2.8865162943423878E-001
3.4546020650070447E-001 -2.9159039897162869E-001
3.4211877795241924E-001 -2.9476531585144161E-001
3.3866807714767871E-001 -2.9760519548701353E-001
3.3545115829452221E-001 -3.0063518528788175E-001
3.3220302538817709E-001 -3.0390300025154515E-001
3.2883580968345755E-001 -3.0680279335931188E-001
3.2570849743461466E-001 -3.0991631499068878E-001
3.2253583076254638E-001 -3.1311091694622295E-001
3.1934477326006627E-001 -3.1619244895396953E-001
3.1626008697065344E-001 -3.1942037236729931E-001
3.1314392572627858E-001 -3.2254045805444254E-001
3.1014653820999105E-001 -3.2599659535341979E-001
3.0701456823660234E-001 -3.2925040108895537E-001
3.0400196672980634E-001 -3.3244706776388655E-001
3.0106086660810860E-001 -3.3564121103472822E-001
2.9815807414843670E-001 -3.3885692188719002E-001
2.9530773276760847E-001 -3.4229112231759656E-001
2.9239469394356005E-001 -3.4561996355294716E-001
2.8954897164805260E-001 -3.4893127939552798E-001
2.8678472327542320E-001 -3.5247886498101860E-001
2.8393927152414034E-001 -3.5591251637293070E-001
2.8117298126729973E-001 -3.5933958412279238E-001
2.7845288918989902E-001 -3.6278011931661452E-001
2.7576962135906546E-001 -3.6624278292910545E-001
2.7310368496287335E-001 -3.6973520928780934E-001
2.7047847330687125E-001 -3.7325967197050147E-001
2.6786908100369117E-001 -3.7682355744808094E-001
2.6527952902554486E-001 -3.8041270054817539E-001
2.6403511756184916E-001 -3.8245554409618882E-001
2.6271678281521726E-001 -3.8430801060764719E-001
2.6071923444038947E-001 -3.8702930700718247E-001
2.5823257987747178E-001 -3.9071834559055990E-001
2.5575087139388036E-001 -3.9447103524291632E-001
2.5325572132900209E-001 -3.9799052343372576E-001
2.5088675339805122E-001 -4.0172739656242779E-001
2.4849801302050531E-001 -4.0555834617626607E-001
2.4611568935099687E-001 -4.0945135725577658E-001
2.4374736363155525E-001 -4.1340930125058833E-001
2.4139204296720959E-001 -4.1742333506549290E-001
2.3902613428607652E-001 -4.2117159712084601E-001
2.3680070233557332E-001 -4.2514945108995139E-001
2.3454630091311629E-001 -4.2924818168167017E-001
2.3227931075861136E-001 -4.3326503126486993E-001
2.3006324010478130E-001 -4.3728058764614786E-001
2.2901652005248049E-001 -4.3968368670398089E-001
2.2785695903868897E-001 -4.4169861796309173E-001
2.2707594963388378E-001 -4.4353172859892437E-001
2.2617910340448916E-001 -4.4496460947242222E-001
2.2489412770156864E-001 -4.4748809876660761E-001
2.2405609239939214E-001 -4.4928765912740182E-001
2.2318392624194155E-001 -4.5094977528924846E-001
2.2183044921641470E-001 -4.5346236911521154E-001
2.2012651366796676E-001 -4.5684038528091947E-001
2.1808184850131579E-001 -4.6106870048134679E-001
2.1602920445186591E-001 -4.6535906243036346E-001
2.1400797275683764E-001 -4.6989093403659654E-001
2.1193928660743838E-001 -4.7417240800769439E-001
2.0996395660167846E-001 -4.7858151737434051E-001
2.0799191544544171E-001 -4.8305076410313530E-001
2.0604031352659302E-001 -4.8757601480027535E-001
2.0410275266568256E-001 -4.9217730396082704E-001
2.0218625898534676E-001 -4.9683927340528822E-001
2.0028396653238686E-001 -5.0156699453736764E-001
1.9840495251587187E-001 -5.0636263756430733E-001
1.9654436111464782E-001 -5.1123285409186825E-001
1.9470109218140325E-001 -5.1617416373532088E-001
1.9286911035231749E-001 -5.2118778441750535E-001
1.9105366368553292E-001 -5.2626820051745837E-001
1.8925850524649984E-001 -5.3117274992922292E-001
1.8752002973130380E-001 -5.3628082474189287E-001
1.8577921377460169E-001 -5.4153996669028337E-001
1.8404512898809844E-001 -5.4689449189717521E-001
1.8231337882196033E-001 -5.5205702543285473E-001
1.8064464379455566E-001 -5.5745389052060834E-001
1.7896340080400763E-001 -5.6284545531814056E-001
1.7731484355248961E-001 -5.6827611466094607E-001
1.7569118599563893E-001 -5.7394791261185907E-001
1.7405730056641827E-001 -5.7942940582791702E-001
1.7247617150746070E-001 -5.8522057941126138E-001
1.7088053365774605E-001 -5.9118099844129346E-001
1.6929161135852092E-001 -5.9695592810854303E-001
1.6775605804550883E-001 -6.0301731675625492E-001
1.6620144910094214E-001 -6.0892722236613039E-001
1.6469271619237486E-001 -6.1496134124697588E-001
1.6318927370987174E-001 -6.2108502421271772E-001
1.6170434966706029E-001 -6.2732952525722452E-001
1.6094826462979311E-001 -6.3101570438380583E-001
1.6016865023149091E-001 -6.3439934347637095E-001
1.5915736136014697E-001 -6.3890006287951218E-001
1.5797153066521910E-001 -6.4410946846191597E-001
1.5663319112439364E-001 -6.5020501388119678E-001
1.5524237699937066E-001 -6.5659196231759154E-001
1.5388321498451085E-001 -6.6324365799463314E-001
1.5252362614604201E-001 -6.7008402464666372E-001
1.5116098277753623E-001 -6.7705780584529218E-001
1.5045468975505477E-001 -6.8128626847874962E-001
1.4972562452323335E-001 -6.8522232272117278E-001
1.4880286490657027E-001 -6.9011847465954101E-001
1.4775590956157841E-001 -6.9586896303164747E-001
1.4657667178381661E-001 -7.0231473287621082E-001
1.4529386373014672E-001 -7.0932152919426894E-001
1.4404125509995036E-001 -7.1660710581169484E-001
1.4276904612403590E-001 -7.2424895181481896E-001
1.4150152269364705E-001 -7.3171106681404641E-001
1.4025236564226318E-001 -7.3955509887117177E-001
1.3901000983586656E-001 -7.4727238651547256E-001
1.3778848650085274E-001 -7.5515742178664058E-001
1.3659217450833502E-001 -7.6305291231870154E-001
1.3539724516703008E-001 -7.7113474394276971E-001
1.3420234093723049E-001 -7.7936730153972000E-001
1.3301230978122527E-001 -7.8772207558960450E-001
1.3183322933347158E-001 -7.9622673781557007E-001
1.3067916912289387E-001 -8.0497643369557526E-001
1.2951986772727234E-001 -8.1386937751017907E-001
1.2838115603990791E-001 -8.2266917085740399E-001
1.2725783838933200E-001 -8.3169037737916107E-001
1.2615164366961298E-001 -8.4076707810483475E-001
1.2505920210407837E-001 -8.4995036446457617E-001
1.2442844670698697E-001 -8.5602093864129403E-001
1.2379306989563435E-001 -8.6184788649196697E-001
1.2305270029296228E-001 -8.6847596688406503E-001
1.2225719131781740E-001 -8.7571304092826263E-001
1.2141364996096859E-001 -8.8377232215805102E-001
1.2090127143259262E-001 -8.8912485842544697E-001
1.2038256703582037E-001 -8.9438798988916057E-001
1.1977012423452769E-001 -9.0047867872593779E-001
1.1911986124443152E-001 -9.0690702065677187E-001
1.1841358353456848E-001 -9.1427962973954557E-001
1.1768733154946229E-001 -9.2179640679772434E-001
1.1723053841186548E-001 -9.2723388602929935E-001
1.1676487374416294E-001 -9.3243581466804104E-001
1.1622719949723825E-001 -9.3832258318778894E-001
1.1564226987195124E-001 -9.4486263384164693E-001
1.1501439246879945E-001 -9.5195708115215305E-001
1.1433955545478804E-001 -9.5984225382675448E-001
1.1359478873609000E-001 -9.6889692138687267E-001
1.1277216040681357E-001 -9.7909076486429658E-001
1.1184879347318315E-001 -9.9100649032551280E-001
1.1089126777353525E-001 -1.0033531447706332E+000
1.0992297135020891E-001 -1.0162018460399587E+000
1.0942310926532155E-001 -1.0229254283316860E+000
1.0890864872399450E-001 -1.0298599345736152E+000
1.0828526555455505E-001 -1.0384071799635513E+000
1.0756203666724320E-001 -1.0484999669654407E+000
1.0672020901797881E-001 -1.0604112724567141E+000
1.0578848826029963E-001 -1.0737493970017371E+000
1.0483828356374666E-001 -1.0874483111182478E+000
1.0392269022727917E-001 -1.1007757801103799E+000
1.0298581683533088E-001 -1.1143948558399734E+000
1.0202413208539374E-001 -1.1282171567628081E+000
1.0104051475026200E-001 -1.1422055234263189E+000
1.0004624639472125E-001 -1.1562235397089173E+000
9.9063345127118826E-002 -1.1699381589781135E+000
9.8096485207632533E-002 -1.1831657904174859E+000
9.7157408380489446E-002 -1.1957912305116696E+000
9.6249613374356641E-002 -1.2077361905721617E+000
9.5372427670069398E-002 -1.2189557020063522E+000
9.4523397704722914E-002 -1.2294005157560510E+000
9.3712200127809994E-002 -1.2390928538081123E+000
9.2959987795191185E-002 -1.2477943496991331E+000
9.2259293178417648E-002 -1.2556728266062762E+000
9.1608017804615860E-002 -1.2628118582122236E+000
9.0996641264809691E-002 -1.2694298121011078E+000
9.0379745107556544E-002 -1.2757782930483681E+000
8.9747715492462118E-002 -1.2820826158048659E+000
8.9133148839563567E-002 -1.2879547177378998E+000
8.8536846087614807E-002 -1.2933846013281596E+000
8.7960285446339534E-002 -1.2983814285056516E+000
8.7398587063982333E-002 -1.3029274403680424E+000
8.6860706345762137E-002 -1.3070802388945222E+000
8.6342293338994902E-002 -1.3108733872327822E+000
8.5840780148713075E-002 -1.3143264408963684E+000
8.5357229703937526E-002 -1.3174702472748030E+000
8.4888749193759619E-002 -1.3203173465879765E+000
8.4434437548823335E-002 -1.3228870944602609E+000
8.3994193779293416E-002 -1.3251824439777826E+000
8.3582318314035509E-002 -1.3272516466263009E+000
8.3180648040495464E-002 -1.3292046041941341E+000
8.2790979971288148E-002 -1.3310102969708066E+000
8.2415310523171609E-002 -1.3327043344506919E+000
8.2048957468092765E-002 -1.3342655735904321E+000
8.1697034674851926E-002 -1.3357473303348470E+000
8.1352545855665731E-002 -1.3371224718260413E+000
8.1019141684597465E-002 -1.3384157091359274E+000
8.0694853085520851E-002 -1.3396288016165452E+000
8.0378850682993178E-002 -1.3407563689123927E+000
8.0072772712398682E-002 -1.3418217668042485E+000
7.9774217321862489E-002 -1.3428140714464145E+000
7.9485115431366340E-002 -1.3437550271012240E+000
7.9202892796919208E-002 -1.3446320873848647E+000
7.8929845702780319E-002 -1.3454676980655180E+000
7.8663265900065740E-002 -1.3462494099314835E+000
7.8404467402812608E-002 -1.3469890338323207E+000
7.8152612531391510E-002 -1.3476881469844368E+000
7.7906956954846618E-002 -1.3483450593748034E+000
7.7668439961028485E-002 -1.3489740744402596E+000
7.7435522951324234E-002 -1.3495611386999988E+000
7.7208984783018478E-002 -1.3501134305519344E+000
7.6989247096081515E-002 -1.3506440754780158E+000
7.6774154253992394E-002 -1.3511382342605291E+000
7.6566497045261181E-002 -1.3516220237873211E+000
7.6361534424239333E-002 -1.3520520681394466E+000
7.6165412153030243E-002 -1.3524846047847909E+000
7.5973006785780367E-002 -1.3528923454580872E+000
7.5784971612915364E-002 -1.3532723237174844E+000
7.5602760933432364E-002 -1.3536413066951887E+000
7.5424424564751832E-002 -1.3539849545614233E+000
7.5251427931657275E-002 -1.3543149617092942E+000
7.5082906096474736E-002 -1.3546296061759757E+000
7.4918620375074158E-002 -1.3549290788009876E+000
7.4723023601604141E-002 -1.3552736721238894E+000
7.4552281048125085E-002 -1.3556043528637689E+000
7.4388500516572933E-002 -1.3558486693844198E+000
7.4238811904779767E-002 -1.3561139348286644E+000
7.4092017062744986E-002 -1.3563457857525738E+000
7.3950782892565972E-002 -1.3565667171791722E+000
7.3813336344445077E-002 -1.3567720043322709E+000
7.3681099560554270E-002 -1.3569881340112351E+000
7.3551558817173124E-002 -1.3571683068588678E+000
7.3425248472823543E-002 -1.3573523068219593E+000
7.3302958032812476E-002 -1.3575420388087629E+000
7.3182839627344801E-002 -1.3576962807456094E+000
7.3067029262465083E-002 -1.3578696804134971E+000
7.2952566457468213E-002 -1.3580244397020758E+000
7.2796467213458574E-002 -1.3582288151424871E+000
7.2622884537753563E-002 -1.3584697780079793E+000
7.2488642623204536E-002 -1.3586417680169047E+000
7.2373606025349424E-002 -1.3587910513824397E+000
7.2267289282792968E-002 -1.3589132300322235E+000
7.2167710368802873E-002 -1.3590379765667380E+000
7.2074178173577211E-002 -1.3591507390013216E+000
7.1982336921117746E-002 -1.3592577562978687E+000
7.1892688774535307E-002 -1.3593558192471804E+000
7.1806236341019625E-002 -1.3594565302382373E+000
7.1721772363135317E-002 -1.3595538493222119E+000
7.1639613846989691E-002 -1.3596367334306818E+000
7.1560166436871894E-002 -1.3597220550208664E+000
7.1482262904887447E-002 -1.3598169319747935E+000
7.1407114507756178E-002 -1.3598983040135268E+000
7.1332589909911134E-002 -1.3599686059765743E+000
7.1259530133122584E-002 -1.3600462693264319E+000
7.1190616398602927E-002 -1.3601185758843968E+000
7.1122678935463979E-002 -1.3601876843212055E+000
7.1061509196729544E-002 -1.3602430139935260E+000
7.0999901348238484E-002 -1.3603098293415270E+000
7.0937653779411913E-002 -1.3603613787597093E+000
7.0877132393205505E-002 -1.3604284713677381E+000
7.0817416213768927E-002 -1.3604818024180503E+000
7.0759114871039530E-002 -1.3605385141614594E+000
7.0702097822861257E-002 -1.3605935771446913E+000
7.0646560348871346E-002 -1.3606407674871817E+000
7.0593258209032408E-002 -1.3606958868879013E+000
7.0539853137631711E-002 -1.3607418124664945E+000
7.0488151149438141E-002 -1.3607891498659501E+000
7.0438265404288200E-002 -1.3608319998862728E+000
7.0389340098499800E-002 -1.3608802838076306E+000
7.0342236907733544E-002 -1.3609207014321003E+000
7.0295680382891995E-002 -1.3609619768455947E+000
7.0250987241711804E-002 -1.3610016559166300E+000
7.0206975558269893E-002 -1.3610386173688036E+000
7.0163770317548474E-002 -1.3610730491667014E+000
7.0121762218420827E-002 -1.3611091935268669E+000
7.0081128458955380E-002 -1.3611408847537552E+000
7.0041351139338057E-002 -1.3611722109119804E+000
7.0003348422382441E-002 -1.3612091807213780E+000
6.9965841594837624E-002 -1.3612386607753615E+000
6.9928745863871017E-002 -1.3612688191707878E+000
6.9892659347858530E-002 -1.3612984663539025E+000
6.9857898858948039E-002 -1.3613262052833823E+000
6.9814237947261423E-002 -1.3613607285595068E+000
6.9771893910718238E-002 -1.3613932463977454E+000
6.9734461737468958E-002 -1.3614193001154078E+000
6.9699654609393744E-002 -1.3614478225630187E+000
6.9666740926486795E-002 -1.3614716055118696E+000
6.9635239780004368E-002 -1.3615000787354188E+000
6.9604557025959204E-002 -1.3615236036746636E+000
6.9574544934310714E-002 -1.3615458438182808E+000
6.9545255087641200E-002 -1.3615665863068371E+000
6.9516856169549612E-002 -1.3615880722818550E+000
6.9489158285736652E-002 -1.3616100323038693E+000
6.9461769364302928E-002 -1.3616294304592773E+000
6.9447747378796540E-002 -1.3616395480582661E+000
6.9435166177664820E-002 -1.3616449366266419E+000
6.9424561963003395E-002 -1.3616539819109386E+000
6.9417487451602033E-002 -1.3616598336027628E+000
6.9403204599329985E-002 -1.3616719949889491E+000
6.9382667245657476E-002 -1.3616863251612132E+000
6.9358520140500285E-002 -1.3617039004852993E+000
6.9332582075286420E-002 -1.3617213685899849E+000
6.9306019795914720E-002 -1.3617389406145173E+000
6.9279480671806309E-002 -1.3617557347072291E+000
6.9253472545537195E-002 -1.3617745282176199E+000
6.9228414584418071E-002 -1.3617937800436590E+000
6.9210509270616380E-002 -1.3618064772948337E+000
6.9201399055467586E-002 -1.3618124606290107E+000
6.9186382743757935E-002 -1.3618234267814504E+000
6.9166989249804564E-002 -1.3618369386119691E+000
6.9144868024580447E-002 -1.3618525036275626E+000
6.9121012547991745E-002 -1.3618658046476295E+000
6.9096399329732092E-002 -1.3618849034646703E+000
6.9083228990559756E-002 -1.3618955866373363E+000
6.9075360956775494E-002 -1.3619014831460745E+000
6.9071282749735882E-002 -1.3619034296166472E+000
6.9061185182729870E-002 -1.3619102026430645E+000
6.9045071276568698E-002 -1.3619213844869078E+000
6.9024936802557585E-002 -1.3619356811292807E+000
6.9002059438539348E-002 -1.3619459754492347E+000
6.8988030704905043E-002 -1.3619501408551844E+000
6.8981819114430687E-002 -1.3619553254098504E+000
6.8977078323651922E-002 -1.3619594819865029E+000
6.8972557707591184E-002 -1.3619634692681180E+000
6.8961333987083942E-002 -1.3619726886133880E+000
6.8943594154424429E-002 -1.3619859600862854E+000
6.8921774693621429E-002 -1.3620027549976526E+000
6.8897541511704047E-002 -1.3620191059005675E+000
6.8872146262798348E-002 -1.3620328984545278E+000
6.8847290464160868E-002 -1.3620508635107156E+000
6.8822312877581129E-002 -1.3620678122040719E+000
6.8797269305390124E-002 -1.3620842569961817E+000
6.8771574080335351E-002 -1.3620936602909324E+000
6.8737693485215454E-002 -1.3621157708261191E+000
6.8727322294894214E-002 -1.3621219184902860E+000
6.8722056783415003E-002 -1.3621256630216492E+000
6.8718834521850597E-002 -1.3621279210228960E+000
6.8716163476240488E-002 -1.3621297030750279E+000
6.8707807547652211E-002 -1.3621355429489990E+000
6.8693110112034411E-002 -1.3621459695558948E+000
6.8673559007253679E-002 -1.3621578348228229E+000
6.8651718739131604E-002 -1.3621749718348932E+000
6.8628191272995409E-002 -1.3621908622822974E+000
6.8603857463281778E-002 -1.3622068722067702E+000
6.8578920698441181E-002 -1.3622206715181497E+000
6.8554104094683405E-002 -1.3622360628958361E+000
6.8549719824851973E-002 -1.3622354186353351E+000
6.8531084767146741E-002 -1.3622487595408161E+000
6.8495664272151979E-002 -1.3622712932325245E+000
6.8435065741283052E-002 -1.3623079104213907E+000
6.8346350018656979E-002 -1.3623623803239380E+000
6.8227806695194473E-002 -1.3624221901112270E+000
6.8072610939374195E-002 -1.3625022989418352E+000
6.7877470790377370E-002 -1.3626182996336540E+000
6.7635491505122255E-002 -1.3627303446006085E+000
6.7345857493181963E-002 -1.3628623696844846E+000
6.7007665743030922E-002 -1.3630212066591334E+000
6.6616290167608630E-002 -1.3631661204719596E+000
6.6169128500288499E-002 -1.3633162731621606E+000
6.5667067634318732E-002 -1.3634422215360125E+000
6.5109704294238291E-002 -1.3635385685471935E+000
6.4504022001608485E-002 -1.3636017435272347E+000
6.3872619942949974E-002 -1.3636183958074257E+000
6.3248772040104137E-002 -1.3636030095301706E+000
6.2634998465460223E-002 -1.3635582204008290E+000
6.2026105795589516E-002 -1.3634774971295069E+000
6.1423590372885119E-002 -1.3633635154435182E+000
6.0825129075442734E-002 -1.3632152949347152E+000
6.0235369083701307E-002 -1.3630368338164394E+000
5.9650852741968415E-002 -1.3628318158123653E+000
5.9070016698338050E-002 -1.3626049110738390E+000
5.8499189506531830E-002 -1.3623496826484407E+000
5.7932385517690990E-002 -1.3620711046348590E+000
5.7370356065294809E-002 -1.3617670915680771E+000
5.6809339336240064E-002 -1.3614464075326831E+000
5.6265343526408114E-002 -1.3611087717242316E+000
5.5715427125167277E-002 -1.3607511976561171E+000
5.5176777216832361E-002 -1.3603683443189778E+000
5.4634669099247572E-002 -1.3599762228874526E+000
5.4113654382473980E-002 -1.3595699621664374E+000
5.3587856633428278E-002 -1.3591460847183934E+000
5.3066901682992988E-002 -1.3587055472533418E+000
5.2550732114887262E-002 -1.3582556380238680E+000
5.2034913478110713E-002 -1.3577829495569536E+000
5.1531501665369496E-002 -1.3573071528278335E+000
5.1031597958633435E-002 -1.3568209997129206E+000
5.0534395296846710E-002 -1.3563137668437839E+000
5.0041225440922085E-002 -1.3557976706016119E+000
4.9550050155146692E-002 -1.3552696155781210E+000
4.9065949522926269E-002 -1.3547328777333711E+000
4.8587321063220237E-002 -1.3541893221691919E+000
4.8113370491740005E-002 -1.3536369066531746E+000
4.7639617198619338E-002 -1.3530712705082961E+000
4.7174580918581614E-002 -1.3525051916921467E+000
4.6714794434983539E-002 -1.3519260416600873E+000
4.6257874602165280E-002 -1.3513473781929768E+000
4.5805439316330875E-002 -1.3507543597469782E+000
4.5353291453003597E-002 -1.3501434934121439E+000
4.4899302584961213E-002 -1.3495261488416654E+000
4.4456786938137365E-002 -1.3489129211466753E+000
4.4020893726358618E-002 -1.3482911687020678E+000
4.3586248971932931E-002 -1.3476596845537874E+000
4.3154718348652560E-002 -1.3470185751975687E+000
4.2728522839738971E-002 -1.3463792978909606E+000
4.2301073515628736E-002 -1.3457270675556410E+000
4.1882257978437788E-002 -1.3450734778438234E+000
4.1472166160888169E-002 -1.3444153485359878E+000
4.1052990523888840E-002 -1.3437465026594526E+000
4.0656772008236391E-002 -1.3430819987979363E+000
4.0246411064422595E-002 -1.3423968634274039E+000
3.9838779445354737E-002 -1.3417083610744496E+000
3.9485122003993241E-002 -1.3410925421767597E+000
3.9099136925100586E-002 -1.3404084301904564E+000
3.8682954722447704E-002 -1.3396631899018030E+000
3.8330561762930038E-002 -1.3390234280294067E+000
3.7961287742313450E-002 -1.3383421662615946E+000
3.7585583953560375E-002 -1.3376345639563947E+000
3.7204132897978137E-002 -1.3369085554557423E+000
3.6827723422214610E-002 -1.3361820130607827E+000
3.6454916462676186E-002 -1.3354523062289245E+000
3.6098174868580281E-002 -1.3347449677685117E+000
3.5739171478047047E-002 -1.3340198800135195E+000
3.5382331920471036E-002 -1.3332938895065138E+000
3.5031386165569320E-002 -1.3325702184918677E+000
3.4680144717513163E-002 -1.3318309339632761E+000
3.4322633379202515E-002 -1.3310757235947095E+000
3.3983408729631376E-002 -1.3303455907444202E+000
3.3645413578781744E-002 -1.3296083895791657E+000
3.3300896111015020E-002 -1.3288495571367680E+000
3.2963158853345866E-002 -1.3280954469570414E+000
3.2629562556519519E-002 -1.3273404394346866E+000
3.2298762918337560E-002 -1.3265779055051894E+000
3.1953916941440147E-002 -1.3257828266390728E+000
3.1642144467880710E-002 -1.3250498872068290E+000
3.1320265999014038E-002 -1.3242853024570922E+000
3.1003684963752498E-002 -1.3235198945558082E+000
3.0687885170898533E-002 -1.3227509965728759E+000
3.0376798132051342E-002 -1.3219805211631210E+000
3.0059276821847773E-002 -1.3211867379670923E+000
2.9757321972932325E-002 -1.3204213669033089E+000
2.9457143457657455E-002 -1.3196521798638974E+000
2.9158656926016685E-002 -1.3188759875671716E+000
2.8856716069873077E-002 -1.3180827043288224E+000
2.8565693020235362E-002 -1.3173115770627748E+000
2.8280115334821915E-002 -1.3165455561483874E+000
2.7969693481481872E-002 -1.3156990360550234E+000
2.7692081757317657E-002 -1.3149306607400497E+000
2.7410271485017956E-002 -1.3141484290255987E+000
2.7135802863398447E-002 -1.3133716011331071E+000
2.6857088862154696E-002 -1.3125730982874673E+000
2.6543864657425659E-002 -1.3116662170654638E+000
2.6300904618789683E-002 -1.3109603368107465E+000
2.6032733852000469E-002 -1.3101655706392843E+000
2.5766721158028954E-002 -1.3093666991201496E+000
2.5462959599647870E-002 -1.3084502764161106E+000
2.5227962533482910E-002 -1.3077284473408175E+000
2.4900561758843816E-002 -1.3067040732030297E+000
2.4687324960817485E-002 -1.3060423141646009E+000
2.4444424443784616E-002 -1.3052733690426206E+000
2.4183345768279050E-002 -1.3044349476655144E+000
2.3927687551994078E-002 -1.3036042917328239E+000
2.3675274187329579E-002 -1.3027745236539769E+000
2.3436404396965264E-002 -1.3019817370322784E+000
2.3198669538892679E-002 -1.3011778116947810E+000
2.2965581330220232E-002 -1.3003849643038392E+000
2.2727129060151938E-002 -1.2995654913607828E+000
2.2481371941613662E-002 -1.2987063377950867E+000
2.2220885935110176E-002 -1.2977881344316993E+000
2.2016813725105520E-002 -1.2970635696894923E+000
2.1756414767111567E-002 -1.2961191971456436E+000
2.1553786234850492E-002 -1.2953761522472769E+000
2.1229720412502810E-002 -1.2941737963318460E+000
2.1075070053909489E-002 -1.2936012107753425E+000
2.0848728502143681E-002 -1.2927469417247559E+000
2.0665762490993375E-002 -1.2920593546976005E+000
2.0455163697303463E-002 -1.2912469888707168E+000
2.0216137936442478E-002 -1.2903192835827331E+000
2.0018936688280392E-002 -1.2895338068358271E+000
1.9774675346981612E-002 -1.2885628563182643E+000
1.9597083165559182E-002 -1.2878452879230491E+000
1.9347249470689842E-002 -1.2868187931072297E+000
1.9081413334905428E-002 -1.2857057968966075E+000
1.8925873098204891E-002 -1.2850647793902610E+000
1.8740231801125638E-002 -1.2842871914011684E+000
1.8568652467366345E-002 -1.2835548567778758E+000
1.8350110549720744E-002 -1.2826098643023029E+000
1.8189242908934505E-002 -1.2819061511380010E+000
1.7992624628807914E-002 -1.2810542808943315E+000
1.7833391514408874E-002 -1.2803509956155419E+000
1.7598821342615197E-002 -1.2792813142732309E+000
1.7411306277550716E-002 -1.2784304625324789E+000
1.7199915905567853E-002 -1.2774530257488652E+000
1.6991136225911436E-002 -1.2764758676479757E+000
1.6803390396838480E-002 -1.2755851790527866E+000
1.6615956664818528E-002 -1.2746963519483998E+000
1.6432289356883477E-002 -1.2738072209926043E+000
1.6289556029712351E-002 -1.2731215971846015E+000
1.6111854833489769E-002 -1.2722488302711039E+000
1.5983161912929620E-002 -1.2716153304361422E+000
1.5824709205591873E-002 -1.2708398623375097E+000
1.5687363839412924E-002 -1.2701447522769045E+000
1.5477363834019457E-002 -1.2690788153410970E+000
1.5301630045667125E-002 -1.2681685915256071E+000
1.5169296440924348E-002 -1.2674824584417488E+000
1.5042422820424499E-002 -1.2668205376537629E+000
1.4868116099128472E-002 -1.2659018345985293E+000
1.4708044456211579E-002 -1.2650500316512527E+000
1.4525718269391693E-002 -1.2640706241305368E+000
1.4379224525218094E-002 -1.2632612644989214E+000
1.4196788211160964E-002 -1.2622497549310761E+000
1.4057429294092382E-002 -1.2614776059473858E+000
1.3901133720389581E-002 -1.2606037823782121E+000
1.3797821286980358E-002 -1.2600263478924505E+000
1.3599185421857627E-002 -1.2588894450057193E+000
1.3495570261929515E-002 -1.2582999869095046E+000
1.3317116355503769E-002 -1.2572592688305118E+000
1.3176674151524502E-002 -1.2564335348032656E+000
1.3042050239396162E-002 -1.2556413623980629E+000
1.2906234154421452E-002 -1.2548293674415356E+000
1.2756457156003244E-002 -1.2539332733338868E+000
1.2630711210580342E-002 -1.2531714937477096E+000
1.2439670619762866E-002 -1.2520032579986544E+000
1.2367643636834857E-002 -1.2515696418465863E+000
1.2225004402076802E-002 -1.2506926358637052E+000
1.2115347602915586E-002 -1.2500196873165819E+000
1.1975892128672852E-002 -1.2491475506701910E+000
1.1880407919060232E-002 -1.2485563377393838E+000
1.1756461018643740E-002 -1.2477870697844087E+000
1.1550058330826528E-002 -1.2464726455466340E+000
1.1431856416020845E-002 -1.2457149782147612E+000
1.1308483900157864E-002 -1.2449239603831783E+000
1.1187853795703825E-002 -1.2441525536510505E+000
1.1065067013711549E-002 -1.2433816412789620E+000
1.0952033098753483E-002 -1.2426752414425244E+000
1.0879923008484187E-002 -1.2422162547925719E+000
1.0716059039145309E-002 -1.2411718130800253E+000
1.0644814408075428E-002 -1.2407298024973719E+000
1.0539785467947647E-002 -1.2400744984783094E+000
1.0454178589508211E-002 -1.2395248445205671E+000
1.0292551554061526E-002 -1.2384805256366640E+000
1.0199622918167115E-002 -1.2378815302311204E+000
1.0059635395663931E-002 -1.2369815150024028E+000
9.9163566526832368E-003 -1.2360445680064061E+000
9.9163566526832368E-003 -1.2360445680064061E+000
