1.0999999787792873E+000 -3.8986443558319546E-002
1.0999999518439745E+000 -5.1830416471369836E-002
1.0999999161186316E+000 -6.2551101176038126E-002
1.0999998528225186E+000 -7.3423941544864452E-002
1.0999997576749996E+000 -8.2428498565838254E-002
1.0999996122072273E+000 -8.9577163223353379E-002
1.0999993690935921E+000 -9.4889198636811445E-002
1.0999989216459705E+000 -9.7216377472174070E-002
1.0999979366036337E+000 -9.6305316167632021E-002
1.0999953604385520E+000 -9.4918454340555902E-002
1.0999892436585386E+000 -9.3989461815790404E-002
1.0999750015656076E+000 -9.2597416268395225E-002
1.0999371240109554E+000 -8.9709312537809310E-002
1.0998893845166382E+000 -8.6329845075790501E-002
1.0998499614651722E+000 -8.3603828194863256E-002
1.0998176171056093E+000 -8.1384319683802123E-002
1.0997912119044306E+000 -7.9579128509832980E-002
1.0997688463167381E+000 -7.8051520830626275E-002
1.0997484739444516E+000 -7.6659171242642918E-002
1.0997292270377588E+000 -7.5342112830388150E-002
1.0997106132073584E+000 -7.4065490451677776E-002
1.0996922995196914E+000 -7.2805637343189678E-002
1.0996742294097808E+000 -7.1560627730751711E-002
1.0996564293674547E+000 -7.0332698521272941E-002
1.0996388660553793E+000 -6.9118730437348647E-002
1.0996214729487066E+000 -6.7913696019177350E-002
1.0996041659411895E+000 -6.6711954434647516E-002
1.0995869052057314E+000 -6.5510793950556478E-002
1.0995696731499573E+000 -6.4308961420057945E-002
1.0995524634264329E+000 -6.3105867441743874E-002
1.0995353683257010E+000 -6.1908773328666802E-002
1.0995184368016544E+000 -6.0721036727853998E-002
1.0995016048065502E+000 -5.9538876307641389E-002
1.0994848434146838E+000 -5.8359953369938919E-002
1.0994681412336591E+000 -5.7183357254754187E-002
1.0994514959029775E+000 -5.6008929173962482E-002
1.0994349099338052E+000 -5.4837593720430948E-002
1.0994183887170472E+000 -5.3669183831540200E-002
1.0994019393751144E+000 -5.2504732428150437E-002
1.0993855702885709E+000 -5.1344870135109071E-002
1.0993692910282680E+000 -5.0190859896138029E-002
1.0993531125727167E+000 -4.9043471414902229E-002
1.0993370469009909E+000 -4.7903952854827125E-002
1.0993211068231932E+000 -4.6773684095473951E-002
1.0993053060218125E+000 -4.5653811377387638E-002
1.0992896587412200E+000 -4.4545872330503493E-002
1.0992741798087600E+000 -4.3451316216835081E-002
1.0992588845864952E+000 -4.2370942723862673E-002
1.0992437871677179E+000 -4.1306526105988825E-002
1.0992154192335455E+000 -3.9298825341305479E-002
1.0991764554112529E+000 -3.6540967083533007E-002
1.0991446724231966E+000 -3.4302277015736356E-002
1.0991180869426345E+000 -3.2450632931925252E-002
1.0990721656428162E+000 -2.9197626260084313E-002
1.0990164503062692E+000 -2.5120571679394903E-002
1.0989706546761289E+000 -2.1462087243693646E-002
1.0989330525943477E+000 -1.8074703559435450E-002
1.0989021750841719E+000 -1.5122559150568836E-002
1.0988768924256189E+000 -1.2813602288116148E-002
1.0988563092982659E+000 -1.0982773418802131E-002
1.0988396183839428E+000 -9.5173272661721285E-003
1.0988261224287270E+000 -8.3408736705854122E-003
1.0988152336089565E+000 -7.3921604135275204E-003
1.0988062124423561E+000 -6.5968313499171075E-003
1.0987980315438990E+000 -5.8877193714189273E-003
1.0987902556979898E+000 -5.2102654684478382E-003
1.0987826787137005E+000 -4.5467319288968666E-003
1.0987751967700654E+000 -3.8931172547345045E-003
1.0987677564732303E+000 -3.2387181107594986E-003
1.0987603308259859E+000 -2.5855035492056444E-003
1.0987529117148596E+000 -1.9345303457946469E-003
1.0987455014710763E+000 -1.2813757770166205E-003
1.0987381038587414E+000 -6.2729812120827680E-004
1.0987307221709748E+000 2.6839946577621792E-005
1.0987233600953743E+000 6.8277014131666580E-004
1.0987160202642534E+000 1.3380497403830704E-003
1.0987087062512431E+000 1.9937583072505852E-003
1.0987014225978220E+000 2.6482447663286075E-003
1.0986941730997932E+000 3.3017958396708300E-003
1.0986869609529790E+000 3.9542622423017586E-003
1.0986797888755870E+000 4.6076660259423575E-003
1.0986726587329767E+000 5.2567715678454707E-003
1.0986655724951133E+000 5.9037776811202989E-003
1.0986585320802971E+000 6.5488003997788520E-003
1.0986515390453599E+000 7.1916195027833937E-003
1.0986445946787105E+000 7.8336255230093098E-003
1.0986376999142242E+000 8.4761814262583352E-003
1.0986308533358482E+000 9.1091959794982000E-003
1.0986240564557295E+000 9.7441085572458654E-003
1.0986173104821060E+000 1.0374028221632362E-002
1.0986106150057906E+000 1.1000966962243465E-002
1.0986039714052842E+000 1.1623965976147520E-002
1.0985973810577701E+000 1.2245930127594453E-002
1.0985908445871075E+000 1.2863530334638835E-002
1.0985843618880105E+000 1.3478608662123002E-002
1.0985779321184046E+000 1.4088585088187449E-002
1.0985715555616260E+000 1.4696143652258050E-002
1.0985652329004396E+000 1.5298818117947487E-002
1.0985589633956971E+000 1.5899560187252193E-002
1.0985527463993381E+000 1.6505695451101546E-002
1.0985465790267557E+000 1.7097531453393579E-002
1.0985404616502803E+000 1.7688646338200539E-002
1.0985343956780629E+000 1.8276126932463381E-002
1.0985283806200008E+000 1.8860058841131115E-002
1.0985224168338956E+000 1.9441191301616593E-002
1.0985165042012262E+000 2.0017803159426986E-002
1.0985106425001900E+000 2.0590647936457280E-002
1.0985048315159938E+000 2.1160023408617043E-002
1.0984990709776667E+000 2.1731572506676872E-002
1.0984933598201230E+000 2.2291163038322358E-002
1.0984876982240133E+000 2.2850910680863350E-002
1.0984820854767505E+000 2.3405234394484272E-002
1.0984765214209968E+000 2.3957954637912952E-002
1.0984710056789291E+000 2.4505590336452259E-002
1.0984655378551815E+000 2.5053310447402569E-002
1.0984601182113256E+000 2.5595756256506886E-002
1.0984547453335565E+000 2.6133569077517599E-002
1.0984494181636415E+000 2.6668302856528339E-002
1.0984441368390392E+000 2.7199717256911071E-002
1.0984389010701330E+000 2.7727794846758736E-002
1.0984337105045723E+000 2.8252543304015776E-002
1.0984285647521224E+000 2.8774513917148855E-002
1.0984234633704728E+000 2.9292743196724137E-002
1.0984184058722526E+000 2.9807664599776011E-002
1.0984133917888201E+000 3.0319303025568064E-002
1.0984084207521585E+000 3.0829296854965240E-002
1.0984034923666266E+000 3.1333920481772914E-002
1.0983986063344962E+000 3.1835142216837843E-002
1.0983937621554316E+000 3.2333220474567541E-002
1.0983889593707747E+000 3.2830092393642443E-002
1.0983841967276273E+000 3.3321170606951306E-002
1.0983794738626875E+000 3.3809906697536050E-002
1.0983747910720789E+000 3.4295683610067143E-002
1.0983701479335426E+000 3.4778527449984359E-002
1.0983655440230491E+000 3.5260944382638236E-002
1.0983609790796194E+000 3.5738027488423030E-002
1.0983564527340068E+000 3.6211638670166975E-002
1.0983519645027247E+000 3.6682529724592461E-002
1.0983475139471137E+000 3.7150511844194746E-002
1.0983388355435197E+000 3.8062840876271313E-002
1.0983118161965899E+000 4.0901304098495420E-002
1.0982482163341447E+000 4.7694605316960535E-002
1.0981676274967924E+000 5.6750612726795650E-002
1.0980993821638063E+000 6.4934692185790302E-002
1.0980419555354666E+000 7.2215703234054587E-002
1.0979937877895660E+000 7.8622060499905472E-002
1.0979510508476746E+000 8.4559690231927484E-002
1.0979115938614439E+000 9.0250446189702724E-002
1.0978743770302042E+000 9.5833777773349296E-002
1.0978390310190862E+000 1.0138538264622042E-001
1.0978053610322569E+000 1.0693018783183433E-001
1.0977732887858895E+000 1.1251686010275894E-001
1.0977475282327056E+000 1.1731600300741266E-001
1.0977274581746572E+000 1.2128370104371480E-001
1.0977120985231890E+000 1.2447864929393269E-001
1.0977005288175206E+000 1.2700725466697838E-001
1.0976915200853434E+000 1.2905202145173764E-001
1.0976847128845604E+000 1.3064114539687346E-001
1.0976794441055013E+000 1.3190070543611521E-001
1.0976751204545518E+000 1.3295298904969430E-001
1.0976716126406072E+000 1.3382296135000865E-001
1.0976686549739343E+000 1.3456173212865713E-001
1.0976662209585182E+000 1.3517683438343098E-001
1.0976641542573717E+000 1.3570554972730489E-001
1.0976625431467011E+000 1.3611829674435297E-001
1.0976613406615006E+000 1.3642771868748027E-001
1.0976604551486129E+000 1.3665668517744597E-001
1.0976597992179533E+000 1.3682638265727631E-001
1.0976593050737322E+000 1.3695528675306012E-001
1.0976589247714852E+000 1.3705668750431430E-001
1.0976586403359472E+000 1.3713212130128261E-001
1.0976584193200447E+000 1.3719041633174792E-001
1.0976582424275216E+000 1.3723691723888795E-001
1.0976580976629158E+000 1.3727489480397134E-001
1.0976579772095711E+000 1.3730645583091985E-001
1.0976578757354127E+000 1.3733302432987904E-001
1.0976577894469299E+000 1.3735560726084525E-001
1.0976577155436755E+000 1.3737494467277689E-001
1.0976576518926560E+000 1.3739159766741743E-001
1.0976575968268734E+000 1.3740600404000175E-001
1.0976575490161076E+000 1.3741851250608894E-001
1.0976575073809596E+000 1.3742940565965073E-001
1.0976574710336879E+000 1.3743891585878609E-001
1.0976574392361780E+000 1.3744723612155252E-001
1.0976574113692181E+000 1.3745452839570252E-001
1.0976573864132468E+000 1.3746105939716224E-001
1.0976573628678907E+000 1.3746722162907085E-001
1.0976573400601730E+000 1.3747319125484855E-001
1.0976573176542637E+000 1.3747905178212036E-001
1.0976572949983876E+000 1.3748484387687315E-001
1.0976572568446343E+000 1.3749058197339045E-001
1.0976567401264397E+000 1.3749610138116145E-001
1.0976421009998569E+000 1.3749625599525417E-001
1.0973660285444173E+000 1.3739728000133483E-001
1.0961636757961879E+000 1.3692567357513269E-001
1.0939695905524089E+000 1.3589994242161618E-001
1.0907883350066254E+000 1.3408449161152480E-001
1.0863674500534068E+000 1.3139379335728232E-001
1.0795229192936904E+000 1.2737605493278609E-001
1.0694909056393389E+000 1.2192456020100316E-001
1.0579174538217644E+000 1.1609795831300303E-001
1.0456994550319114E+000 1.1026835799537425E-001
1.0338500858354178E+000 1.0488395997954719E-001
1.0221351930688709E+000 9.9765290932156692E-002
1.0104899521306705E+000 9.4796826513249777E-002
9.9886756903754315E-001 8.9967175813171055E-002
9.8788384428984877E-001 8.5462760899964824E-002
9.7710930904465843E-001 8.1085715708417272E-002
9.6684835076120046E-001 7.7018746870944330E-002
9.5632227673939396E-001 7.2893885580882958E-002
9.4621313128786233E-001 6.8975849832665692E-002
9.3629864814306718E-001 6.5173183736151261E-002
9.2643260269214756E-001 6.1429685070611813E-002
9.1709388835673167E-001 5.7945169620912763E-002
9.0750072423679873E-001 5.4391068021015287E-002
8.9828819156896056E-001 5.1028481603100806E-002
8.8881377012800533E-001 4.7583431355956322E-002
8.7978442494656128E-001 4.4305484100229026E-002
8.7086636400915085E-001 4.1121912651566762E-002
8.6183508650521035E-001 3.7892495470332195E-002
8.5312767712887771E-001 3.4799496388725260E-002
8.4448471715754292E-001 3.1739665102334516E-002
8.3588790924371303E-001 2.8697077788262228E-002
8.2726091615952735E-001 2.5674213961559594E-002
8.1874835795647793E-001 2.2668556861343094E-002
8.1049284988528791E-001 1.9780934357404956E-002
8.0239066619586996E-001 1.6959369046295338E-002
7.9418177966613501E-001 1.4078408655604445E-002
7.8591770586974075E-001 1.1170174921277958E-002
7.7811599637989615E-001 8.4476626334980924E-003
7.7034627830915692E-001 5.7250932957518671E-003
7.6258051252382353E-001 3.0105043735927815E-003
7.5505636685010080E-001 4.1541524125762681E-004
7.4747008631520762E-001 -2.2039834129705636E-003
7.3992233147513287E-001 -4.8471351011027727E-003
7.3253627673912647E-001 -7.3801649028145642E-003
7.2498056537527833E-001 -1.0070498423345899E-002
7.1764640438892580E-001 -1.2636154975341379E-002
7.1055488085169249E-001 -1.5131560468527041E-002
7.0354196931237789E-001 -1.7588026488523149E-002
6.9621617433662331E-001 -2.0240307498076010E-002
6.8928506695657576E-001 -2.2669061938621178E-002
6.8253188202746684E-001 -2.5082579931081990E-002
6.7580018126193342E-001 -2.7490628739470720E-002
6.6906770826012507E-001 -2.9882104784867580E-002
6.6244175456413201E-001 -3.2271692286924274E-002
6.5575697051948456E-001 -3.4719156646280280E-002
6.4922118096572934E-001 -3.7070159115900211E-002
6.4278078499834701E-001 -3.9432367365606798E-002
6.3634024789568355E-001 -4.1803702115088735E-002
6.2996037514594472E-001 -4.4188594321090728E-002
6.2361976389777662E-001 -4.6581433013657317E-002
6.1746280565580636E-001 -4.8833228724803113E-002
6.1139311599550539E-001 -5.1161297824940610E-002
6.0525479350401179E-001 -5.3535617506058633E-002
5.9925780954831076E-001 -5.5778479348630998E-002
5.9334902559348313E-001 -5.8114598361246661E-002
5.8746459439238774E-001 -6.0339874313539835E-002
5.8167253075524616E-001 -6.2674429057141490E-002
5.7588750678295486E-001 -6.4892494184564234E-002
5.7020460180865973E-001 -6.7231563803999611E-002
5.6451806244014857E-001 -6.9457240869792936E-002
5.5897973670700929E-001 -7.1720974193361139E-002
5.5344482241091475E-001 -7.4010376087839461E-002
5.4797008260510394E-001 -7.6216388811723615E-002
5.4260054856600737E-001 -7.8487072094782798E-002
5.3721624149915315E-001 -8.0794088506715128E-002
5.3187834720501570E-001 -8.3014980770432872E-002
5.2661775776884989E-001 -8.5428252008738714E-002
5.2132364747519055E-001 -8.7594668816071086E-002
5.1624544077266421E-001 -8.9888091945213508E-002
5.1113459829844832E-001 -9.2128757250019122E-002
5.0865803081654148E-001 -9.3315544754609195E-002
5.0615942943751824E-001 -9.4536189164551337E-002
5.0178222039697984E-001 -9.6306471030968066E-002
4.9698348406325071E-001 -9.8502855997395944E-002
4.9215529307693301E-001 -1.0072472469522090E-001
4.8732976611174228E-001 -1.0323266335134609E-001
4.8234947312586846E-001 -1.0545163558779568E-001
4.7766809319506010E-001 -1.0785859571755241E-001
4.7287681126447989E-001 -1.1005562069718201E-001
4.6832235178203774E-001 -1.1232315032890415E-001
4.6375157166012293E-001 -1.1478724521459993E-001
4.5908123898768338E-001 -1.1701498237507178E-001
4.5464059044806004E-001 -1.1915840121024714E-001
4.5030439866343785E-001 -1.2142822211537582E-001
4.4593316654383514E-001 -1.2375985030590403E-001
4.4155675750645174E-001 -1.2612686142396631E-001
4.3719289367017133E-001 -1.2850497193040239E-001
4.3289352171044476E-001 -1.3092288603166319E-001
4.2859941163512044E-001 -1.3317269586930511E-001
4.2448824782311612E-001 -1.3556854624756526E-001
4.2030120733738002E-001 -1.3781026294622722E-001
4.1629473501298825E-001 -1.4022263795583859E-001
4.1218596500269450E-001 -1.4248521421267971E-001
4.0826107529161004E-001 -1.4493290807357007E-001
4.0422541328058381E-001 -1.4721978538779887E-001
4.0037135522940731E-001 -1.4970853708657969E-001
3.9640799196243215E-001 -1.5202922078905934E-001
3.9262723214473910E-001 -1.5456535397186696E-001
3.8873151227693015E-001 -1.5693226578929742E-001
3.8502741480197966E-001 -1.5952783916850752E-001
3.8120096816764881E-001 -1.6193655939303472E-001
3.7752037227187141E-001 -1.6430039712531058E-001
3.7395301238666906E-001 -1.6694878706739813E-001
3.7213188034170919E-001 -1.6830285921883101E-001
3.7026081865782529E-001 -1.6953677766992770E-001
3.6720716757649879E-001 -1.7149741504390306E-001
3.6371948883804972E-001 -1.7392100101172642E-001
3.6030778127828572E-001 -1.7667178035235348E-001
3.5672244768830003E-001 -1.7924366130653721E-001
3.5326967920271762E-001 -1.8176939284492805E-001
3.4988219355592615E-001 -1.8428543174970785E-001
3.4654433884979469E-001 -1.8680708090620754E-001
3.4330128055794584E-001 -1.8970616421812106E-001
3.3983409862600616E-001 -1.9220551506151501E-001
3.3662276182521100E-001 -1.9478815001532590E-001
3.3341636669856967E-001 -1.9738584636397938E-001
3.3028626484661028E-001 -2.0022089135424020E-001
3.2704803768078250E-001 -2.0294499921564951E-001
3.2390955601432897E-001 -2.0567482804957210E-001
3.2080804040281308E-001 -2.0840755422717877E-001
3.1775631063944854E-001 -2.1116939435713827E-001
3.1470774264138296E-001 -2.1384518503076674E-001
3.1176028365486674E-001 -2.1672333159017540E-001
3.0876738693600492E-001 -2.1958733523137000E-001
3.0581460418842243E-001 -2.2247314385745981E-001
3.0289229646201166E-001 -2.2536794888346567E-001
3.0000926971056729E-001 -2.2832042865209187E-001
2.9712756945657681E-001 -2.3117260791053026E-001
2.9435202785310460E-001 -2.3427008535386734E-001
2.9147695449655475E-001 -2.3706462809464024E-001
2.8877380603283093E-001 -2.4005052390179543E-001
2.8604577910475659E-001 -2.4312106195342920E-001
2.8332775095663770E-001 -2.4625317763917198E-001
2.8062446348368236E-001 -2.4943703696532685E-001
2.7791195440568861E-001 -2.5236512220383645E-001
2.7535344764533781E-001 -2.5551434167332293E-001
2.7275657677001636E-001 -2.5877640377533950E-001
2.7013883759915580E-001 -2.6178911607693744E-001
2.6766745927614499E-001 -2.6506715664887942E-001
2.6516037003264997E-001 -2.6849059155733113E-001
2.6262249544980432E-001 -2.7164681209194286E-001
2.6021195017326998E-001 -2.7507561446957385E-001
2.5773900915011577E-001 -2.7841907202623434E-001
2.5532120420239612E-001 -2.8177164254023690E-001
2.5292621129015763E-001 -2.8512549767652123E-001
2.5056435022682533E-001 -2.8849916385963265E-001
2.4823183182369546E-001 -2.9191739707700315E-001
2.4594360830035017E-001 -2.9539914942524415E-001
2.4369320386586582E-001 -2.9899707756339866E-001
2.4143409118238526E-001 -3.0261921865908825E-001
2.3918643268606821E-001 -3.0626956915786857E-001
2.3696243214242110E-001 -3.0993974525601231E-001
2.3475582446170098E-001 -3.1363456297024417E-001
2.3256469965877685E-001 -3.1735701186975740E-001
2.3039830454321350E-001 -3.2112439710965102E-001
2.2830793012698400E-001 -3.2479748685509174E-001
2.2624699842742607E-001 -3.2862117071619079E-001
2.2416421297114231E-001 -3.3252140510095329E-001
2.2209729563894332E-001 -3.3650319117465682E-001
2.2108387145580591E-001 -3.3880643414718797E-001
2.2001426986375103E-001 -3.4078508920662265E-001
2.1848778035508473E-001 -3.4355349014371128E-001
2.1662704903872895E-001 -3.4712181325952124E-001
2.1467723582378093E-001 -3.5115774778212056E-001
2.1272462851979060E-001 -3.5497760105866777E-001
2.1082691447279006E-001 -3.5905637003804347E-001
2.0890532640596646E-001 -3.6306250479641805E-001
2.0709029380668034E-001 -3.6691295182209899E-001
2.0524216037103285E-001 -3.7083979062223871E-001
2.0339859355548237E-001 -3.7475721792591943E-001
2.0169165269726125E-001 -3.7908013992652462E-001
1.9988773760374090E-001 -3.8333803438506964E-001
1.9807269760685367E-001 -3.8781642207733125E-001
1.9630444518976167E-001 -3.9202195556037939E-001
1.9456430784840612E-001 -3.9624078782439237E-001
1.9282781727758513E-001 -4.0046373553112646E-001
1.9112076787319593E-001 -4.0473006188732275E-001
1.8945033355584992E-001 -4.0909664458984774E-001
1.8794525084298769E-001 -4.1340310120211832E-001
1.8633576447519462E-001 -4.1764298774957331E-001
1.8479106927162453E-001 -4.2190384772216927E-001
1.8320492945144748E-001 -4.2635872007188597E-001
1.8161887259041731E-001 -4.3073166274473401E-001
1.8006465157224025E-001 -4.3506941883305722E-001
1.7852147239099803E-001 -4.3959780522444070E-001
1.7722889894784069E-001 -4.4330979677491106E-001
1.7650106963352491E-001 -4.4579508127020373E-001
1.7576418130184246E-001 -4.4799322607453607E-001
1.7483345431522795E-001 -4.5084445839039750E-001
1.7428176379863611E-001 -4.5277466156155988E-001
1.7373639194987120E-001 -4.5442468846558193E-001
1.7299875537503034E-001 -4.5674251111830894E-001
1.7213081693925289E-001 -4.5934503269263943E-001
1.7111685154696207E-001 -4.6250072738682796E-001
1.6998469665563096E-001 -4.6589906202405246E-001
1.6877978504796332E-001 -4.6947521717578455E-001
1.6813587272397412E-001 -4.7167103669765481E-001
1.6750478415718109E-001 -4.7368114815160262E-001
1.6672166300559632E-001 -4.7606284435683932E-001
1.6584673253299664E-001 -4.7871489471753664E-001
1.6489508619189874E-001 -4.8149118692551790E-001
1.6387127947796704E-001 -4.8453109207747996E-001
1.6335864606594233E-001 -4.8629557923249300E-001
1.6284515991716761E-001 -4.8808044439438009E-001
1.6220835354434934E-001 -4.9004353453372834E-001
1.6152004157611022E-001 -4.9191726894576876E-001
1.6076644627362763E-001 -4.9387359686544891E-001
1.6003251975936028E-001 -4.9536086228171999E-001
1.5927080197925952E-001 -4.9660642185402343E-001
1.5854854942338537E-001 -4.9743208047439669E-001
1.5789442719887120E-001 -4.9805192078256216E-001
1.5752277479135143E-001 -4.9875235542277163E-001
1.5716652691054930E-001 -4.9932820631906871E-001
1.5673745756135632E-001 -4.9983212288259399E-001
1.5628719620097589E-001 -5.0000719496512880E-001
1.5581362074804739E-001 -5.0000523031712207E-001
1.5531724093007634E-001 -4.9996152936301508E-001
1.5483557993698405E-001 -4.9960609733197098E-001
1.5440602911620030E-001 -4.9917156052069406E-001
1.5398678610449085E-001 -4.9872393406976434E-001
1.5359068997881670E-001 -4.9836741486059100E-001
1.5326532270008930E-001 -4.9793558437498031E-001
1.5295368693655612E-001 -4.9750791669131589E-001
1.5266310038467701E-001 -4.9716231704318253E-001
1.5241901685929643E-001 -4.9695109691744110E-001
1.5219660800967627E-001 -4.9682286701602774E-001
1.5199990907151015E-001 -4.9683266736890197E-001
1.5183556379332755E-001 -4.9698059269573264E-001
1.5170248102719663E-001 -4.9724925013829108E-001
1.5157803790748425E-001 -4.9771855526620207E-001
1.5148721243289398E-001 -4.9835525609615638E-001
1.5142269265955077E-001 -4.9915037597850226E-001
1.5138180261842785E-001 -5.0016862754916824E-001
1.5136561709841184E-001 -5.0137670015044988E-001
1.5136034145882551E-001 -5.0304342426566384E-001
1.5135582369040781E-001 -5.0519575070656353E-001
1.5135294776231387E-001 -5.0698360919159025E-001
1.5135113297327488E-001 -5.0826252699564778E-001
1.5134974155923372E-001 -5.0926032948657052E-001
1.5134845791640186E-001 -5.1018293801851577E-001
1.5134715946316066E-001 -5.1112242282004750E-001
1.5134579461842754E-001 -5.1212439693083944E-001
1.5134434271955172E-001 -5.1321795548340843E-001
1.5134280157040134E-001 -5.1443391326092969E-001
1.5134118972772009E-001 -5.1575323372117365E-001
1.5133950326039852E-001 -5.1721564101526907E-001
1.5133776170894439E-001 -5.1879278267163054E-001
1.5133595593457977E-001 -5.2056851191050857E-001
1.5133412461785056E-001 -5.2247744318188416E-001
1.5133225594720276E-001 -5.2453810294858882E-001
1.5133034038144980E-001 -5.2680365218639025E-001
1.5132838774279272E-001 -5.2926743603530058E-001
1.5132639456089325E-001 -5.3194809836057511E-001
1.5132435641814163E-001 -5.3486228058463781E-001
1.5132226643572247E-001 -5.3806893531008249E-001
1.5132013093607846E-001 -5.4155148534352815E-001
1.5131793932842391E-001 -5.4538866483648274E-001
1.5131569745658593E-001 -5.4958678003014572E-001
1.5131340110077959E-001 -5.5429700792269920E-001
1.5131107734373547E-001 -5.5948085117094826E-001
1.5130872723387631E-001 -5.6527738414216855E-001
1.5130637073502909E-001 -5.7168805100075648E-001
1.5130401107691782E-001 -5.7892387842811710E-001
1.5130167534768588E-001 -5.8716621547300984E-001
1.5129939638169970E-001 -5.9729924459639760E-001
1.5129728382415708E-001 -6.0862401181734116E-001
1.5129531848835465E-001 -6.1984657004780341E-001
1.5129336632642620E-001 -6.3149347889211482E-001
1.5129135390038800E-001 -6.4382352504178653E-001
1.5128922663597544E-001 -6.5727688649575222E-001
1.5128696002163380E-001 -6.7193928186055774E-001
1.5128452363040223E-001 -6.8825219779829827E-001
1.5128191199857505E-001 -7.0638619786844981E-001
1.5127919121631445E-001 -7.2617676395394914E-001
1.5127625726381252E-001 -7.4846070782794394E-001
1.5127353996570389E-001 -7.7060388838827709E-001
1.5127079990294370E-001 -7.9405241974459984E-001
1.5126830070431313E-001 -8.1692086244264150E-001
1.5126597710251341E-001 -8.3946896812385563E-001
1.5126387432094765E-001 -8.6110309141606278E-001
1.5126172490862949E-001 -8.8407868912056520E-001
1.5125976133269178E-001 -9.0630294878385598E-001
1.5125796370772515E-001 -9.2784311455896795E-001
1.5125617520040213E-001 -9.5011367680132985E-001
1.5125451285482822E-001 -9.7191456788124742E-001
1.5125272064997519E-001 -9.9604238044025717E-001
1.5125114816184987E-001 -1.0185878862353392E+000
1.5124968090085023E-001 -1.0406040281101239E+000
1.5124818977094842E-001 -1.0636895645480653E+000
1.5124667899146421E-001 -1.0878685459162074E+000
1.5124533405501081E-001 -1.1105679464223299E+000
1.5124421894291176E-001 -1.1305126041144218E+000
1.5124332012057398E-001 -1.1474881986614860E+000
1.5124260108876253E-001 -1.1617377434734535E+000
1.5124202440212370E-001 -1.1736455517843618E+000
1.5124155857739188E-001 -1.1836075285664007E+000
1.5124117901820527E-001 -1.1919687733639974E+000
1.5124086699285708E-001 -1.1990174007141554E+000
1.5124060832676667E-001 -1.2049868227687583E+000
1.5124039225719477E-001 -1.2100646034033840E+000
1.5124021054293896E-001 -1.2144019886801933E+000
1.5124005681009989E-001 -1.2181207312683022E+000
1.5123992607292844E-001 -1.2213197008103340E+000
1.5123981438839673E-001 -1.2240799203581152E+000
1.5123971860604588E-001 -1.2264678252616448E+000
1.5123963618108913E-001 -1.2285375290420713E+000
1.5123956504100253E-001 -1.2303358256525738E+000
1.5123950348296239E-001 -1.2319004315534916E+000
1.5123945009726475E-001 -1.2332640631885237E+000
1.5123940370901592E-001 -1.2344540803676849E+000
1.5123936333276888E-001 -1.2354938089353766E+000
1.5123932813744986E-001 -1.2364031369551460E+000
1.5123929741870556E-001 -1.2371986247418005E+000
1.5123927057689437E-001 -1.2378958125150261E+000
1.5123924709962328E-001 -1.2385069276842149E+000
1.5123922654744001E-001 -1.2390430715721383E+000
1.5123920854230416E-001 -1.2395134893246944E+000
1.5123919275810896E-001 -1.2399264602727396E+000
1.5123917891285213E-001 -1.2402892144858604E+000
1.5123916676216695E-001 -1.2406078986237785E+000
1.5123915609387592E-001 -1.2408879746271599E+000
1.5123914672344335E-001 -1.2411342928930555E+000
1.5123913849013695E-001 -1.2413508932776709E+000
1.5123913125376776E-001 -1.2415414037005799E+000
1.5123912489192390E-001 -1.2417088851913329E+000
1.5123911929760420E-001 -1.2418562161005076E+000
1.5123911437719553E-001 -1.2419859563685429E+000
1.5123911004873208E-001 -1.2421001371434750E+000
1.5123910624039241E-001 -1.2422006380900632E+000
1.5123910288920586E-001 -1.2422891055799459E+000
1.5123909993993112E-001 -1.2423668203600811E+000
1.5123909737923907E-001 -1.2424344527694413E+000
1.5123909532986896E-001 -1.2424885929288718E+000
1.5123909376177364E-001 -1.2425300247994275E+000
1.5123909258240895E-001 -1.2425611925623765E+000
1.5123909169367536E-001 -1.2425846828177758E+000
1.5123909101503197E-001 -1.2426026219525588E+000
1.5123909006883962E-001 -1.2426276359627917E+000
1.5123908973115135E-001 -1.2426365639423469E+000
1.5123908945434039E-001 -1.2426438826730339E+000
1.5123908922444912E-001 -1.2426499610452624E+000
1.5123908903146049E-001 -1.2426550638224612E+000
1.5123908886802201E-001 -1.2426593853517287E+000
1.5123908872861416E-001 -1.2426630344560030E+000
1.5123908860900609E-001 -1.2426661971271702E+000
1.5123908850588691E-001 -1.2426689238016380E+000
1.5123908841662659E-001 -1.2426712854068673E+000
1.5123908833910307E-001 -1.2426733353143657E+000
1.5123908827158264E-001 -1.2426751207300566E+000
1.5123908821263321E-001 -1.2426766795158521E+000
1.5123908816106110E-001 -1.2426780432317606E+000
1.5123908811586348E-001 -1.2426792383927412E+000
1.5123908807480568E-001 -1.2426803240895510E+000
1.5123908803579192E-001 -1.2426813557380418E+000
1.5123908799786767E-001 -1.2426823585801163E+000
1.5123908796057645E-001 -1.2426833446857459E+000
1.5123908792369423E-001 -1.2426843199784614E+000
1.5123908788710938E-001 -1.2426852874098373E+000
1.5123908785076570E-001 -1.2426862484673851E+000
1.5123908783269810E-001 -1.2426867261924719E+000
1.5123908780074569E-001 -1.2426872179686212E+000
1.5123908669180300E-001 -1.2426887934274875E+000
1.5123904653757703E-001 -1.2427294474485748E+000
1.5123837193680628E-001 -1.2431118604956966E+000
1.5123655113458565E-001 -1.2437464568177075E+000
1.5123289792762873E-001 -1.2446214683538788E+000
1.5122647328485986E-001 -1.2457662475941389E+000
1.5121602895853761E-001 -1.2472250784898167E+000
1.5119986099814436E-001 -1.2490606245649847E+000
1.5117596445794013E-001 -1.2513341379624892E+000
1.5114272998536607E-001 -1.2541209026253974E+000
1.5114011398956081E-001 -1.2545757263335438E+000
1.5113683945085596E-001 -1.2549943357526643E+000
1.5113473729542248E-001 -1.2552627078572673E+000
1.5113250293498040E-001 -1.2555592771983548E+000
1.5113045067054548E-001 -1.2558202117941453E+000
1.5112934083035709E-001 -1.2559758342743201E+000
1.5112816029023507E-001 -1.2561252437926822E+000
1.5112709692551562E-001 -1.2562619847799792E+000
1.5112606900743467E-001 -1.2563923098917238E+000
1.5112509497806728E-001 -1.2565147910498227E+000
1.5112420217333214E-001 -1.2566268326340324E+000
1.5112335220190959E-001 -1.2567332694962485E+000
1.5112299961191092E-001 -1.2567884431023952E+000
1.5112262520591568E-001 -1.2568365079122423E+000
1.5112200924159952E-001 -1.2569093032221594E+000
1.5112114954195879E-001 -1.2570110873712015E+000
1.5111989746570681E-001 -1.2571496066510941E+000
1.5111859371369404E-001 -1.2573009107730067E+000
1.5111745775736038E-001 -1.2574348088642702E+000
1.5111636800423150E-001 -1.2575619765552482E+000
1.5111590769249814E-001 -1.2576294819780733E+000
1.5111541806127571E-001 -1.2576891381455144E+000
1.5111463019367657E-001 -1.2577779057926368E+000
1.5111355288848557E-001 -1.2578997555926816E+000
1.5111199968298650E-001 -1.2580642610700996E+000
1.5111038021788920E-001 -1.2582417865513407E+000
1.5110897313985813E-001 -1.2584001194506995E+000
1.5110767371889947E-001 -1.2585463564523283E+000
1.5110644962448619E-001 -1.2586848901315495E+000
1.5110525701701227E-001 -1.2588192371447791E+000
1.5110378384414455E-001 -1.2589763962153151E+000
1.5110215285107104E-001 -1.2591510542747559E+000
1.5110078747879396E-001 -1.2593063277162881E+000
1.5109906834093309E-001 -1.2594855539119350E+000
1.5109712885251764E-001 -1.2596869155495805E+000
1.5109542471518203E-001 -1.2598713361468816E+000
1.5109386693570667E-001 -1.2600399056174334E+000
1.5109197971863361E-001 -1.2602356896990961E+000
1.5108923959756126E-001 -1.2604974251820287E+000
1.5108638374057490E-001 -1.2607885023930139E+000
1.5108391515263903E-001 -1.2610438659828933E+000
1.5108164890578227E-001 -1.2612803197735893E+000
1.5107958219464934E-001 -1.2614972449786799E+000
1.5107710997020557E-001 -1.2617455283359262E+000
1.5107594396780599E-001 -1.2618875867496500E+000
1.5107471289420335E-001 -1.2620223483219113E+000
1.5107278931397547E-001 -1.2622139366199141E+000
1.5107019501027941E-001 -1.2624655022461795E+000
1.5106663458732369E-001 -1.2627965735815390E+000
1.5106286538249666E-001 -1.2631577500129292E+000
1.5105848744678979E-001 -1.2635644071808247E+000
1.5105589073673539E-001 -1.2638413213654025E+000
1.5105316729948987E-001 -1.2641122690036384E+000
1.5104906596605941E-001 -1.2644882962611337E+000
1.5104355633235061E-001 -1.2649751121506263E+000
1.5103619475724572E-001 -1.2656036682800740E+000
1.5102652040637898E-001 -1.2664018536165706E+000
1.5101409124526285E-001 -1.2674010240685456E+000
1.5099831453174414E-001 -1.2686366686306458E+000
1.5097838396153374E-001 -1.2701467342699733E+000
1.5095375316921983E-001 -1.2719719197587638E+000
1.5092369517461554E-001 -1.2741513995931499E+000
1.5088735054252056E-001 -1.2767263347305144E+000
1.5084355003258643E-001 -1.2797371836178437E+000
1.5079253753804361E-001 -1.2832682224558933E+000
1.5073256940196916E-001 -1.2873519188869091E+000
1.5066436247782672E-001 -1.2920030722333731E+000
1.5058693719147345E-001 -1.2972951883173327E+000
1.5050052266604932E-001 -1.3032737177808384E+000
1.5040340003804567E-001 -1.3099719848016447E+000
1.5029705302298527E-001 -1.3174836714582570E+000
1.5017963826974209E-001 -1.3258606131891315E+000
1.5005480540940816E-001 -1.3351652607817013E+000
1.4991991639001215E-001 -1.3454500390692914E+000
1.4977448224315854E-001 -1.3567764135018374E+000
1.4962074135994108E-001 -1.3692363467175452E+000
1.4945092940943175E-001 -1.3825515870837233E+000
1.4927630132360567E-001 -1.3960701665227160E+000
1.4907425123305826E-001 -1.4096063789210740E+000
1.4879213305401687E-001 -1.4229193405207268E+000
1.4853041021478783E-001 -1.4350326257705184E+000
1.4828362974857853E-001 -1.4457503582594213E+000
1.4805740871961390E-001 -1.4551292854315869E+000
1.4785159326939415E-001 -1.4632332800205934E+000
1.4766604456813098E-001 -1.4701524723736259E+000
1.4750302805262083E-001 -1.4760079407708420E+000
1.4736139923786271E-001 -1.4809171586232119E+000
1.4724054576019735E-001 -1.4850040414659724E+000
1.4713880806371152E-001 -1.4883842363556772E+000
1.4704447313097804E-001 -1.4913970114204280E+000
1.4693079484102645E-001 -1.4945395292980495E+000
1.4677769259599163E-001 -1.4980385887825625E+000
1.4657827054387326E-001 -1.5018202067988975E+000
1.4634816808616663E-001 -1.5056264516027058E+000
1.4614430034094256E-001 -1.5088683074475187E+000
1.4593073473334198E-001 -1.5120190982776709E+000
1.4574640624189300E-001 -1.5147245064729018E+000
1.4557661624037349E-001 -1.5171693320857640E+000
1.4541382122445698E-001 -1.5194206788688507E+000
1.4525660949554522E-001 -1.5215011090953408E+000
1.4510522861386707E-001 -1.5234292435915151E+000
1.4495742197556882E-001 -1.5252141842583773E+000
1.4481220360734154E-001 -1.5268505942008308E+000
1.4467348734765817E-001 -1.5283518834631398E+000
1.4453816408174058E-001 -1.5297307650739438E+000
1.4439892639468890E-001 -1.5310480533594433E+000
1.4426966909300754E-001 -1.5322272327271975E+000
1.4415188362213363E-001 -1.5332529444597636E+000
1.4403691870802154E-001 -1.5342190907096096E+000
1.4392421420685758E-001 -1.5351234301838597E+000
1.4381409055917060E-001 -1.5359649275115941E+000
1.4370785421949769E-001 -1.5367497077152359E+000
1.4360445188474005E-001 -1.5374813813686472E+000
1.4350371172391674E-001 -1.5381617743789162E+000
1.4340812331470651E-001 -1.5388042048117534E+000
1.4331209412943885E-001 -1.5393990425241124E+000
1.4322280967512571E-001 -1.5399650063997414E+000
1.4313425121942583E-001 -1.5404988410934235E+000
1.4304734505362676E-001 -1.5409973631726170E+000
1.4296238318304086E-001 -1.5414602365689265E+000
1.4288416120036665E-001 -1.5419090201759094E+000
1.4280589255972867E-001 -1.5423369055364060E+000
1.4272719018873375E-001 -1.5427321073625337E+000
1.4265391638978139E-001 -1.5431107777008557E+000
1.4258294959735784E-001 -1.5434756870964901E+000
1.4250983230080186E-001 -1.5438094245397114E+000
1.4244468547935987E-001 -1.5441403532198470E+000
1.4237570032614319E-001 -1.5444436906054182E+000
1.4231023734844100E-001 -1.5447282096409811E+000
1.4223601605196987E-001 -1.5450470339070870E+000
1.4217097156726294E-001 -1.5453330956231661E+000
1.4210901313604044E-001 -1.5455943529716343E+000
1.4205212717529478E-001 -1.5458478203148123E+000
1.4199447699857953E-001 -1.5460831693702086E+000
1.4194203820844603E-001 -1.5463184119732503E+000
1.4188682387474655E-001 -1.5465335681417320E+000
1.4183393535529581E-001 -1.5467347878310054E+000
1.4178485957564474E-001 -1.5469334316305701E+000
1.4174336896203338E-001 -1.5470952164558671E+000
1.4169947354177440E-001 -1.5472625551339918E+000
1.4165620747997781E-001 -1.5474346597360362E+000
1.4161133431505743E-001 -1.5475992428370569E+000
1.4156769763864169E-001 -1.5477580081196518E+000
1.4152616286202879E-001 -1.5479154739463576E+000
1.4148321870212646E-001 -1.5480599645461246E+000
1.4144254865421016E-001 -1.5481985644994483E+000
1.4140271940991972E-001 -1.5483297328979253E+000
1.4136457290664090E-001 -1.5484569416985243E+000
1.4132810765899370E-001 -1.5485829641641149E+000
1.4129237287043409E-001 -1.5487064584729611E+000
1.4125619710616452E-001 -1.5488213253260077E+000
1.4122237584718192E-001 -1.5489356303700543E+000
1.4118959404159692E-001 -1.5490487361361114E+000
1.4115737212861318E-001 -1.5491593041991736E+000
1.4112454577653152E-001 -1.5492611170652888E+000
1.4109505414931695E-001 -1.5493669513570529E+000
1.4106360176518126E-001 -1.5494623228850506E+000
1.4103354286538711E-001 -1.5495524142994122E+000
1.4100446892994359E-001 -1.5496376782829033E+000
1.4097684988876535E-001 -1.5497214462520141E+000
1.4095015757707344E-001 -1.5498039619922570E+000
1.4091681580166310E-001 -1.5498989534160139E+000
1.4088782860581198E-001 -1.5499807739707760E+000
1.4086179321409054E-001 -1.5500609284448115E+000
1.4083590519365916E-001 -1.5501377046146898E+000
1.4081048247143491E-001 -1.5502132954231043E+000
1.4078555014093078E-001 -1.5502895121514420E+000
1.4075950810060950E-001 -1.5503607862829922E+000
1.4074259747412179E-001 -1.5504142412842847E+000
1.4072164208212515E-001 -1.5504770550138474E+000
1.4069852230929644E-001 -1.5505446650562862E+000
1.4067374564028864E-001 -1.5506115680146408E+000
1.4064857511953968E-001 -1.5506774993217642E+000
1.4062386957752801E-001 -1.5507450755878172E+000
1.4060127272208284E-001 -1.5508073556197306E+000
1.4057786001875647E-001 -1.5508746565890679E+000
1.4055327630226935E-001 -1.5509419771285191E+000
1.4052794307421915E-001 -1.5510075856931498E+000
1.4050238984748117E-001 -1.5510709021803577E+000
1.4047816533018911E-001 -1.5511385446045780E+000
1.4045476607435886E-001 -1.5511977263005918E+000
1.4043048789883492E-001 -1.5512585373276937E+000
1.4040606108142947E-001 -1.5513212603185023E+000
1.4038177180949310E-001 -1.5513866775834295E+000
1.4035654512614507E-001 -1.5514502752717514E+000
1.4031949909078448E-001 -1.5515423029127817E+000
1.4028292789900829E-001 -1.5516275934149759E+000
1.4026761575762764E-001 -1.5516718983623703E+000
1.4025808317278379E-001 -1.5516979966195288E+000
1.4025085415924934E-001 -1.5517183414580695E+000
1.4024662511088801E-001 -1.5517286823831615E+000
1.4024392993090842E-001 -1.5517363581909818E+000
1.4023734078027153E-001 -1.5517549464239386E+000
1.4023055486947630E-001 -1.5517759725557287E+000
1.4021988483695469E-001 -1.5518039470931098E+000
1.4020449286319653E-001 -1.5518425403810845E+000
1.4018345587356337E-001 -1.5518904851940114E+000
1.4016037231141693E-001 -1.5519421558699018E+000
1.4013680757015809E-001 -1.5519980658474088E+000
1.4011230443178535E-001 -1.5520545230758083E+000
1.4008766227838609E-001 -1.5521121877499395E+000
1.4007519143069622E-001 -1.5521419861347225E+000
1.4006716092649552E-001 -1.5521620161968683E+000
1.4005768866066975E-001 -1.5521828858993310E+000
1.4005131320564884E-001 -1.5521971605223495E+000
1.4004336800617173E-001 -1.5522161757882780E+000
1.4003363281211065E-001 -1.5522385383194013E+000
1.4002739020182126E-001 -1.5522520807555213E+000
1.4001673506815684E-001 -1.5522776863119179E+000
1.4000234838416115E-001 -1.5523121517179288E+000
1.3998236309113840E-001 -1.5523609835979779E+000
1.3995829941101079E-001 -1.5524158729172277E+000
1.3994564629942888E-001 -1.5524465779040404E+000
1.3993726063627776E-001 -1.5524676099063752E+000
1.3992314226583044E-001 -1.5525024466200303E+000
1.3990392992494885E-001 -1.5525476061578694E+000
1.3987681355609238E-001 -1.5526057395850725E+000
1.3984051666838476E-001 -1.5526824495705678E+000
1.3979121826910351E-001 -1.5527783937707604E+000
1.3972709394844346E-001 -1.5529038440380034E+000
1.3964470173106794E-001 -1.5530595539023966E+000
1.3954102425239850E-001 -1.5532514314324741E+000
1.3941050051416945E-001 -1.5534845330515947E+000
1.3924538478185233E-001 -1.5537496156683281E+000
1.3904371799399312E-001 -1.5540707322372871E+000
1.3879213964364676E-001 -1.5544090442424388E+000
1.3849405554621111E-001 -1.5547937615249103E+000
1.3813859143265916E-001 -1.5552027537642164E+000
1.3772113945689704E-001 -1.5556203632004362E+000
1.3723744357746978E-001 -1.5560624261731770E+000
1.3668526839877521E-001 -1.5565036372794685E+000
1.3607590335907876E-001 -1.5569407917046292E+000
1.3540633500941426E-001 -1.5573501672703334E+000
1.3468087058731024E-001 -1.5577494230842162E+000
1.3389896955344258E-001 -1.5581049761119083E+000
1.3307139388987360E-001 -1.5584402267800275E+000
1.3220047961207348E-001 -1.5587269169546871E+000
1.3129984723603189E-001 -1.5589660312229736E+000
1.3036894783703337E-001 -1.5591515693360767E+000
1.2941516678407786E-001 -1.5592830748710427E+000
1.2844689433397968E-001 -1.5593600402490950E+000
1.2746765652546985E-001 -1.5593863493471209E+000
1.2648208033958577E-001 -1.5593717132258877E+000
1.2549704991450811E-001 -1.5593039935680619E+000
1.2452159223590988E-001 -1.5591967895334276E+000
1.2355164282027356E-001 -1.5590387836259130E+000
1.2258993213070993E-001 -1.5588508781940142E+000
1.2163846845386021E-001 -1.5586158876167664E+000
1.2069486638684314E-001 -1.5583485574353904E+000
1.1975464912533804E-001 -1.5580437422294033E+000
1.1882187680488242E-001 -1.5577147930608104E+000
1.1789871098654164E-001 -1.5573568780362281E+000
1.1699111780765349E-001 -1.5569736495262876E+000
1.1609596688285209E-001 -1.5565691965792503E+000
1.1521202331437179E-001 -1.5561387324203790E+000
1.1434001079982667E-001 -1.5556841839947058E+000
1.1347377633156397E-001 -1.5552090982890003E+000
1.1261436097344557E-001 -1.5547174630633351E+000
1.1176652061322843E-001 -1.5542075659735397E+000
1.1092276285707675E-001 -1.5536765462451148E+000
1.1007993563411460E-001 -1.5531263822317434E+000
1.0924040905413455E-001 -1.5525546239894692E+000
1.0839853732555046E-001 -1.5519585982887123E+000
1.0754652876344067E-001 -1.5513377557761518E+000
1.0668654293297666E-001 -1.5506871433210301E+000
1.0581906047988993E-001 -1.5500140203070503E+000
1.0494065145184443E-001 -1.5493112154547373E+000
1.0406272209560812E-001 -1.5485943129025883E+000
1.0318624116528755E-001 -1.5478583222067417E+000
1.0231060151434469E-001 -1.5471074101211935E+000
1.0143373837282194E-001 -1.5463321029636510E+000
1.0055120927410285E-001 -1.5455400434646347E+000
9.9662790908338295E-002 -1.5447221359953334E+000
9.8772235186178906E-002 -1.5438861007574611E+000
9.8327602532703590E-002 -1.5435049034571551E+000
9.7890682638726453E-002 -1.5431257399181992E+000
9.7388459973943312E-002 -1.5426703795122794E+000
9.6843212668362058E-002 -1.5421569922813003E+000
9.6255684967937793E-002 -1.5415872375817112E+000
9.5627590615617833E-002 -1.5409614277188195E+000
9.4962243022564632E-002 -1.5402864325252354E+000
9.4266671328055204E-002 -1.5395657978470849E+000
9.3547695711686321E-002 -1.5388058762630112E+000
9.2800155742586543E-002 -1.5380025047950545E+000
9.2026528560718412E-002 -1.5371565644925447E+000
9.1230154917075604E-002 -1.5362700132022380E+000
9.0412654430235440E-002 -1.5353487153633218E+000
8.9578072410920404E-002 -1.5343937645822419E+000
8.8732712972214786E-002 -1.5334141422181367E+000
8.7896765784112457E-002 -1.5324335123378707E+000
8.7069738076770903E-002 -1.5314538292526323E+000
8.6250676653541886E-002 -1.5304720102034743E+000
8.5439277654256671E-002 -1.5294868839250384E+000
8.4635724820673594E-002 -1.5285001951772752E+000
8.3839946997385964E-002 -1.5275128247585594E+000
8.3051241278990925E-002 -1.5265202512542893E+000
8.2270025718216760E-002 -1.5255248414359834E+000
8.1496117097637835E-002 -1.5245258262030355E+000
8.0729845155118662E-002 -1.5235263409427762E+000
7.9970942023965347E-002 -1.5225261109256243E+000
7.9218530053553296E-002 -1.5215186460352113E+000
7.8473332721205893E-002 -1.5205080312729520E+000
7.7735927925896009E-002 -1.5195005855579238E+000
7.7004809048546022E-002 -1.5184866081258754E+000
7.6280877095443261E-002 -1.5174720440679523E+000
7.5563748361521910E-002 -1.5164552241294527E+000
7.5209794729994575E-002 -1.5159754713439884E+000
7.4862338424143735E-002 -1.5154984210226372E+000
7.4436788092263798E-002 -1.5148992756971571E+000
7.3955773441351152E-002 -1.5142076691296686E+000
7.3418719045566280E-002 -1.5134213297579426E+000
7.2826214942811038E-002 -1.5125395929816654E+000
7.2502140949891256E-002 -1.5120690280072160E+000
7.2184225865112583E-002 -1.5116056665015882E+000
7.1782286867321216E-002 -1.5110055977065577E+000
7.1319104453141963E-002 -1.5103004862965843E+000
7.0794235517827514E-002 -1.5094907504753714E+000
7.0206788181062116E-002 -1.5085691379069668E+000
6.9555943631998532E-002 -1.5075381687921043E+000
6.8898393405115818E-002 -1.5064850177723998E+000
6.8249531719770606E-002 -1.5054374295993780E+000
6.7607803525998225E-002 -1.5043919903068697E+000
6.6972676937090983E-002 -1.5033488092976639E+000
6.6343695499177485E-002 -1.5023065537242428E+000
6.5720718868784167E-002 -1.5012652925915353E+000
6.5103672011151331E-002 -1.5002254107612905E+000
6.4492408502621154E-002 -1.4991863523568811E+000
6.3886570284510877E-002 -1.4981448381008411E+000
6.3286654012697133E-002 -1.4971053121039597E+000
6.2692317808977507E-002 -1.4960658478956959E+000
6.2103639659154226E-002 -1.4950277043673974E+000
6.1520334163828683E-002 -1.4939886863228731E+000
6.0942398173865188E-002 -1.4929485273859637E+000
6.0369906818050142E-002 -1.4919081488280226E+000
5.9802855409212041E-002 -1.4908681159517876E+000
5.9241191302742774E-002 -1.4898288585114345E+000
5.8684661699543374E-002 -1.4887882907120276E+000
5.8133267372961955E-002 -1.4877462704214461E+000
5.7587072880018179E-002 -1.4867035487337343E+000
5.7046376653916771E-002 -1.4856646291461264E+000
5.6510484446527530E-002 -1.4846236531095145E+000
5.5979658015065742E-002 -1.4835829548562274E+000
5.5454060422633768E-002 -1.4825453933214399E+000
5.4933069314672220E-002 -1.4815051949315656E+000
5.4417281489984183E-002 -1.4804686993019669E+000
5.3906045482451322E-002 -1.4794299625798442E+000
5.3399841107769595E-002 -1.4783941512911878E+000
5.2898112772479008E-002 -1.4773559618471437E+000
5.2401303693205552E-002 -1.4763202240635798E+000
5.1909093108725504E-002 -1.4752845593309678E+000
5.1421448337305969E-002 -1.4742487027273787E+000
5.0938449680808205E-002 -1.4732140989508000E+000
5.0459978486840876E-002 -1.4721801579620961E+000
4.9985854996700503E-002 -1.4711448602370993E+000
4.9516410816233432E-002 -1.4701126995006819E+000
4.9051091750193544E-002 -1.4690777867670126E+000
4.8590451460115189E-002 -1.4680469243191574E+000
4.8133965516268792E-002 -1.4670151757961956E+000
4.7681699588552645E-002 -1.4659829909166520E+000
4.7233993754246972E-002 -1.4649556656419067E+000
4.6790296365224582E-002 -1.4639277471005774E+000
4.6350613511240299E-002 -1.4628986171122871E+000
4.5915233500433916E-002 -1.4618722658022887E+000
4.5483988533915096E-002 -1.4608479755402304E+000
4.5056471757364470E-002 -1.4598203544738066E+000
4.4633223585322429E-002 -1.4587962486118766E+000
4.4213926987573808E-002 -1.4577743436457733E+000
4.3797792389137696E-002 -1.4567483149993301E+000
4.3385753863145422E-002 -1.4557216562305269E+000
4.3014014983165275E-002 -1.4547934535581675E+000
4.2611018141099279E-002 -1.4537768984966049E+000
4.2210318248875688E-002 -1.4527574854785992E+000
4.1813459218457083E-002 -1.4517378871551652E+000
4.1420827214578876E-002 -1.4507260502453136E+000
4.1031423024043091E-002 -1.4497094934943218E+000
4.0645887828688020E-002 -1.4486961874968374E+000
4.0263913301523319E-002 -1.4476831415940636E+000
3.9885503549498443E-002 -1.4466705597759244E+000
3.9510786131427084E-002 -1.4456612299920970E+000
3.9139485551310589E-002 -1.4446520132507670E+000
3.8771779936846412E-002 -1.4436459760123566E+000
3.8407388881540987E-002 -1.4426395630054607E+000
3.8046584358771562E-002 -1.4416372833825599E+000
3.7688899219585181E-002 -1.4406325791812171E+000
3.7334763302366042E-002 -1.4396317419258451E+000
3.6983907131583810E-002 -1.4386320572288598E+000
3.6636260419347907E-002 -1.4376323978714702E+000
3.6292003769731102E-002 -1.4366361070438303E+000
3.5950905310041498E-002 -1.4356407087449252E+000
3.5612989296343496E-002 -1.4346464010835254E+000
3.5278259708586827E-002 -1.4336538201251521E+000
3.4946644591814090E-002 -1.4326622902210142E+000
3.4618038922900531E-002 -1.4316699993898847E+000
3.4292670597377957E-002 -1.4306812911383096E+000
3.3970388633080731E-002 -1.4296952171092336E+000
3.3651115631551119E-002 -1.4287110958934714E+000
3.3334712113230594E-002 -1.4277266492631009E+000
3.3021315462243614E-002 -1.4267439920376308E+000
3.2710930315991961E-002 -1.4257642764032636E+000
3.2403512670384688E-002 -1.4247879399454602E+000
3.2098803119515955E-002 -1.4238106522957912E+000
3.1796963092255735E-002 -1.4228346896590764E+000
3.1498053553007478E-002 -1.4218621066426671E+000
3.1201874023938352E-002 -1.4208901507116776E+000
3.0908475565212749E-002 -1.4199198357509373E+000
3.0617778259501946E-002 -1.4189499503316911E+000
3.0329928387358426E-002 -1.4179840098370302E+000
3.0044724042293924E-002 -1.4170193677133576E+000
2.9762183562792109E-002 -1.4160566958461078E+000
2.9482384941676994E-002 -1.4150980145036482E+000
2.9205051579097453E-002 -1.4141384565124184E+000
2.8930396869061566E-002 -1.4131822233445652E+000
2.8658226140775855E-002 -1.4122263755726776E+000
2.8388635627045206E-002 -1.4112731992898548E+000
2.8121566050431982E-002 -1.4103216063742028E+000
2.7856968034577875E-002 -1.4093719786797445E+000
2.7594869952137294E-002 -1.4084252190294835E+000
2.7335159816498270E-002 -1.4074801055867090E+000
2.7077830480699283E-002 -1.4065369133437913E+000
2.6823020436340498E-002 -1.4055976231052485E+000
2.6570367706527383E-002 -1.4046573920683403E+000
2.6320110315237052E-002 -1.4037206255640711E+000
2.6072216209578798E-002 -1.4027854414066157E+000
2.5826518587649432E-002 -1.4018531038913296E+000
2.5582781485744333E-002 -1.4009206104823451E+000
2.5341175564744876E-002 -1.3999894019849455E+000
2.5101785471637546E-002 -1.3990635511339142E+000
2.4864472421337148E-002 -1.3981351427490674E+000
2.4628628949299011E-002 -1.3972072062478420E+000
2.4395254389526447E-002 -1.3962832726021048E+000
2.4164360657066702E-002 -1.3953637306287798E+000
2.3935130307861773E-002 -1.3944453264524539E+000
2.3707235640499175E-002 -1.3935267520470305E+000
2.3480717586893740E-002 -1.3926099180554308E+000
2.3256193031005720E-002 -1.3916930818590589E+000
2.3034171518271876E-002 -1.3907807722980099E+000
2.2814893608827155E-002 -1.3898758766747989E+000
2.2593764821314959E-002 -1.3889573554107284E+000
2.2374975372271212E-002 -1.3880448510439483E+000
2.2159482751548183E-002 -1.3871401923674103E+000
2.1946403496452153E-002 -1.3862422098970746E+000
2.1733329617514261E-002 -1.3853382460734460E+000
2.1522251142240822E-002 -1.3844369828805301E+000
2.1312241343618747E-002 -1.3835372996157245E+000
2.1103711034741880E-002 -1.3826386593958659E+000
2.0897389171149906E-002 -1.3817460792621938E+000
2.0691940262378101E-002 -1.3808526384129283E+000
2.0487330123736304E-002 -1.3799584906294242E+000
2.0276308441480401E-002 -1.3790318276428368E+000
2.0075105682395254E-002 -1.3781422889081762E+000
1.9870109101905880E-002 -1.3772320182345659E+000
1.9671399479839251E-002 -1.3763467204559992E+000
1.9473085153574411E-002 -1.3754582371666955E+000
1.9260002002976166E-002 -1.3744992921760251E+000
1.9071440067975062E-002 -1.3736459761330846E+000
1.8880386511400088E-002 -1.3727770590246542E+000
1.8683132869811755E-002 -1.3718744923357487E+000
1.8483603096114957E-002 -1.3709565960662664E+000
1.8296491604886868E-002 -1.3700920931800076E+000
1.8112325204477964E-002 -1.3692352307002158E+000
1.7930548612991329E-002 -1.3683820771961122E+000
1.7743428958179559E-002 -1.3674980339977143E+000
1.7547329328076771E-002 -1.3665670727666754E+000
1.7362930934638351E-002 -1.3656869812537622E+000
1.7182292313363840E-002 -1.3648186225291083E+000
1.7009201456841701E-002 -1.3639810477490548E+000
1.6826889712955956E-002 -1.3630919921997975E+000
1.6646276752529072E-002 -1.3622054261191856E+000
1.6470074121648810E-002 -1.3613356983514469E+000
1.6307423764067911E-002 -1.3605264821450271E+000
1.6144567936329322E-002 -1.3597099473888759E+000
1.5981789507934226E-002 -1.3588865268972472E+000
1.5804901258181903E-002 -1.3579824270747445E+000
1.5621139330061640E-002 -1.3570357882084039E+000
1.5450194544115916E-002 -1.3561507377259459E+000
1.5285868154769625E-002 -1.3552933823893314E+000
1.5137771773974289E-002 -1.3545177746020454E+000
1.4983065116814607E-002 -1.3536979427520452E+000
1.4832497091090116E-002 -1.3528936052788587E+000
1.4661970492808965E-002 -1.3519721841250050E+000
1.4497342971143398E-002 -1.3510757978406527E+000
1.4332715288172921E-002 -1.3501714508405442E+000
1.4191849087861867E-002 -1.3493950038935587E+000
1.4057969269451511E-002 -1.3486506244594114E+000
1.3911822250935084E-002 -1.3478284536673895E+000
1.3749578705174036E-002 -1.3469050459935668E+000
1.3590815179869205E-002 -1.3459916743746390E+000
1.3436570199383295E-002 -1.3450986440954622E+000
1.3308834935906184E-002 -1.3443548953273354E+000
1.3190561914344466E-002 -1.3436605125015013E+000
1.3052152843667432E-002 -1.3428354771638147E+000
1.2873264510353429E-002 -1.3417517106128449E+000
1.2719903032639156E-002 -1.3408137406020737E+000
1.2589739065286249E-002 -1.3400117334383284E+000
1.2483646338693703E-002 -1.3393581630353351E+000
1.2370981595510939E-002 -1.3386512786845612E+000
1.2211293881269887E-002 -1.3376291255099613E+000
1.2044958750854691E-002 -1.3365462020247680E+000
1.1901120537366333E-002 -1.3356017389949673E+000
1.1773892378972277E-002 -1.3347593262140531E+000
1.1643754814132035E-002 -1.3338886452204914E+000
1.1580393232111475E-002 -1.3334680785952164E+000
1.1483750739830606E-002 -1.3328126487339067E+000
1.1352478998800625E-002 -1.3319063245723588E+000
1.1088935978386191E-002 -1.3300473677604168E+000
1.1043199468821374E-002 -1.3297310576269703E+000
1.0992946773445793E-002 -1.3293821952439371E+000
1.0840071435101606E-002 -1.3282956484043860E+000
1.0746099771026807E-002 -1.3276281672769226E+000
1.0593262075782600E-002 -1.3265278185834153E+000
1.0499068141733389E-002 -1.3258504801479858E+000
1.0406280878697194E-002 -1.3251815115470023E+000
1.0243820125715080E-002 -1.3239921489995790E+000
1.0054241723839319E-002 -1.3225921519492743E+000
1.0033782966838350E-002 -1.3224468798785154E+000
9.9706657797768005E-003 -1.3219877565395204E+000
9.9706657797768005E-003 -1.3219877565395204E+000
