-1.0031	-1.1714
-1.0079	-1.1767
-1.0119	-1.1824
-1.0164	-1.1878
-1.0209	-1.1934
-1.025	-1.1992
-1.03	-1.2044
-1.0346	-1.21
-1.0405	-1.2147
-1.0458	-1.2201
-1.0506	-1.2257
-1.0557	-1.2313
-1.0615	-1.2365
-1.0663	-1.2424
-1.0711	-1.2483
-1.076	-1.2543
-1.0796	-1.2608
-1.0851	-1.2663
-1.0896	-1.2725
-1.0931	-1.2793
-1.0978	-1.2852
-1.101	-1.2921
-1.1048	-1.2986
-1.1089	-1.3049
-1.1122	-1.3115 
-1.1153	-1.3184
-1.118	-1.3251
-1.1211	-1.3316
-1.1244	-1.338
-1.1274	-1.3444
-1.1303	-1.3508
-1.1332	-1.3572
-1.1361	-1.3634
-1.1389	-1.3697
-1.1414	-1.3761
-1.144	-1.3823
-1.1468	-1.3883
-1.1497	-1.3941
-1.152	-1.4003
-1.1551	-1.4059
-1.1573	-1.412
-1.1601	-1.4176
-1.1617	-1.424
-1.1633	-1.4302
-1.1655	-1.4359
-1.1676	-1.4416
-1.1694	-1.4472
-1.1714	-1.4529
-1.1734	-1.4584
-1.1753	-1.4639
-1.1772	-1.4693
-1.1795	-1.4744
-1.1813	-1.4797
-1.1835	-1.4838
-1.1862	-1.4855
-1.1889	-1.4874
-1.1914	-1.4894
-1.1939	-1.4916
-1.1962	-1.4938
-1.1985	-1.4961
-1.2006	-1.4985
-1.2027	-1.5009
-1.2047	-1.5035
-1.2067	-1.5061
-1.2085	-1.5087
-1.2104	-1.5114
-1.2121	-1.5141
-1.2138	-1.5169
-1.2155	-1.5197
-1.2171	-1.5225
-1.2186	-1.5254
-1.2201	-1.5283
-1.2216	-1.5312
-1.2229	-1.5342
-1.2243	-1.5372
-1.2256	-1.5401
-1.2269	-1.5431
-1.2281	-1.5461
-1.2292	-1.5492
-1.2303	-1.5522
-1.2314	-1.5552
-1.2324	-1.5583
-1.2333	-1.5613
-1.2343	-1.5644
-1.2352	-1.5673
-1.2361	-1.5704
-1.237	-1.5733
-1.2378	-1.5763
-1.2387	-1.5793
-1.2395	-1.5822
-1.2402	-1.5852
-1.241	-1.5881
-1.2418	-1.591
-1.2425	-1.5939
-1.2432	-1.5968
-1.2439	-1.5996
-1.2446	-1.6024
-1.2453	-1.6052
-1.2459	-1.608
-1.2466	-1.6108
-1.2472	-1.6136
-1.2479	-1.6163
-1.2485	-1.619
-1.2491	-1.6217
-1.2497	-1.6244
-1.2502	-1.627
-1.2508	-1.6297
-1.2513	-1.6323
-1.2519	-1.6349
-1.2524	-1.6375
-1.2528	-1.6401
-1.2533	-1.6427
-1.2536	-1.6453
-1.2538	-1.6481
-1.2542	-1.6504
-1.2544	-1.6531
-1.2545	-1.6557
-1.2545	-1.6583
-1.2546	-1.6609
-1.2546	-1.6635
-1.2546	-1.666
-1.2546	-1.6685
-1.2547	-1.671
-1.2546	-1.6735
-1.2546	-1.6759
-1.2546	-1.6783
-1.2545	-1.6807
-1.2542	-1.6832
-1.254	-1.6856
-1.2538	-1.688
-1.2537	-1.6903
-1.2537	-1.6926
-1.2536	-1.6948
-1.2536	-1.6969
-1.2535	-1.6991
-1.2535	-1.7012
-1.2535	-1.7033
-1.2535	-1.7053
-1.2535	-1.7073
-1.2536	-1.7093
-1.2536	-1.7113
-1.2537	-1.7133
-1.2537	-1.7152
-1.2538	-1.7171
-1.2539	-1.7189
-1.2539	-1.7208
-1.254	-1.7227
-1.254	-1.7245
-1.2541	-1.7263
-1.2542	-1.7281
-1.2542	-1.7299
-1.2543	-1.7316
-1.2543	-1.7334
-1.2545	-1.7351
-1.2545	-1.7368
-1.2546	-1.7385
-1.2546	-1.7402
-1.2547	-1.7419
-1.2547	-1.7435
-1.2548	-1.7452
-1.2548	-1.7468
-1.2549	-1.7485
-1.2549	-1.7501
-1.255	-1.7517
-1.255	-1.7533
-1.255	-1.7549
-1.255	-1.7565
-1.2551	-1.758
-1.2551	-1.7596
-1.2551	-1.7611
-1.2551	-1.7626
-1.2552	-1.7641
-1.2552	-1.7656
-1.2552	-1.7671
-1.2552	-1.7686
-1.2552	-1.7701
-1.2552	-1.7716
-1.2552	-1.773
-1.2552	-1.7745
-1.2552	-1.7759
-1.2552	-1.7773
-1.2552	-1.7787
-1.2552	-1.7802
-1.2552	-1.7815
-1.2552	-1.7829
-1.2552	-1.7843
-1.2552	-1.7857
-1.2552	-1.787
-1.2552	-1.7884
-1.2552	-1.7897
-1.2552	-1.791
-1.2552	-1.7924
-1.2552	-1.7937
-1.2552	-1.795
-1.2552	-1.7963
-1.2552	-1.7975
-1.2552	-1.7988
-1.2552	-1.8001
-1.2552	-1.8014
-1.2552	-1.8026
-1.2552	-1.8039
-1.2551	-1.8051
-1.2551	-1.8063
-1.2551	-1.8076
-1.2551	-1.8088
-1.255	-1.81
-1.255	-1.8112
-1.255	-1.8124
-1.255	-1.8136
-1.2549	-1.8148
-1.2549	-1.816
-1.2549	-1.8172
-1.2548	-1.8183
-1.2548	-1.8195
-1.2547	-1.8206
-1.2547	-1.8218
-1.2547	-1.8229
-1.2546	-1.8241
-1.2546	-1.8252
-1.2545	-1.8263
-1.2544	-1.8275
-1.2544	-1.8286
-1.2544	-1.8297
-1.2542	-1.8308
-1.2542	-1.8319
-1.2542	-1.833
-1.2541	-1.834
-1.254	-1.8353
-1.254	-1.8362
-1.2539	-1.8373
-1.2538	-1.8383
-1.2537	-1.8394
-1.2537	-1.8405
-1.2536	-1.8415
-1.2535	-1.8426
-1.2534	-1.8436
-1.2533	-1.8446
-1.2532	-1.8457
-1.2532	-1.8467
-1.2531	-1.8477
-1.253	-1.8487
-1.2529	-1.8497
-1.2529	-1.8507
-1.2528	-1.8517
-1.2527	-1.8527
-1.2526	-1.8536
-1.2526	-1.8546
-1.2525	-1.8556
-1.2524	-1.8565
-1.2524	-1.8575
-1.2523	-1.8584
-1.2522	-1.8594
-1.2522	-1.8603
-1.2521	-1.8612
-1.252	-1.8621
-1.252	-1.8631
-1.2519	-1.864
-1.2518	-1.8649
-1.2518	-1.8658
-1.2517	-1.8667
-1.2517	-1.8676
-1.2516	-1.8685
-1.2516	-1.8694
-1.2515	-1.8702
-1.2515	-1.8711
-1.2514	-1.872
-1.2513	-1.8728
-1.2513	-1.8737
-1.2512	-1.8746
-1.2512	-1.8754
-1.2511	-1.8763
-1.2511	-1.8771
-1.2511	-1.8779
-1.251	-1.8788
-1.251	-1.8796
-1.2509	-1.8804
-1.2509	-1.8812
-1.2508	-1.8821
-1.2508	-1.8829
-1.2507	-1.8837
-1.2507	-1.8845
-1.2506	-1.8853
-1.2506	-1.8861
-1.2506	-1.8869
-1.2505	-1.8877
-1.2505	-1.8884
-1.2504	-1.8892
-1.2504	-1.89
-1.2504	-1.8908
-1.2503	-1.8915
-1.2503	-1.8923
-1.2503	-1.8931
-1.2502	-1.8938
-1.2502	-1.8946
-1.2502	-1.8953
-1.2501	-1.8961
-1.2501	-1.8968
-1.25	-1.8976
-1.25	-1.8983
-1.25	-1.899
-1.25	-1.8998
-1.2499	-1.9005
-1.2499	-1.9012
-1.2499	-1.9019
-1.2498	-1.9027
-1.2498	-1.9034
-1.2498	-1.9041
-1.2497	-1.9048
-1.2497	-1.9055
-1.2497	-1.9062
-1.2497	-1.9069
-1.2496	-1.9076
-1.2496	-1.9083
-1.2496	-1.909
-1.2496	-1.9097
-1.2495	-1.9104
-1.2495	-1.9111
-1.2495	-1.9117
-1.2495	-1.9124
-1.2494	-1.9131
-1.2494	-1.9138
-1.2494	-1.9144
-1.2494	-1.9151
-1.2494	-1.9158
-1.2493	-1.9164
-1.2493	-1.9171
-1.2493	-1.9177
-1.2493	-1.9184
-1.2493	-1.919
-1.2492	-1.9197
-1.2492	-1.9203
-1.2492	-1.921
-1.2492	-1.9216
-1.2492	-1.9223
-1.2491	-1.9229
-1.2491	-1.9235
-1.2491	-1.9242
-1.2491	-1.9248
-1.2491	-1.9254
-1.2491	-1.9261
-1.249	-1.9267
-1.249	-1.9273
-1.249	-1.9279
-1.249	-1.9285
-1.249	-1.9292
-1.249	-1.9298
-1.2489	-1.9304
-1.2489	-1.931
-1.2489	-1.9316
-1.2489	-1.9322
-1.2489	-1.9328
-1.2489	-1.9334
-1.2488	-1.934
-1.2488	-1.9346
-1.2489	-1.9352
-1.2488	-1.9358
-1.2488	-1.9363
-1.2488	-1.9369
-1.2488	-1.9375
-1.2488	-1.9381
-1.2488	-1.9387
-1.2488	-1.9393
-1.2488	-1.9398
-1.2487	-1.9404
-1.2487	-1.941
-1.2487	-1.9416
-1.2487	-1.9421
-1.2487	-1.9427
-1.2487	-1.9433
-1.2487	-1.9438
