0.134570    89.9196480
0.134510    89.8086240
0.134450    89.6977440
0.134390    89.5870080
0.134330    89.4764160
0.134260    89.3659680
0.134200    89.2556640
0.134140    89.1455040
0.134080    89.0354880
0.134020    88.9256160
0.133960    88.8158880
0.133890    88.7061600
0.133830    88.5967200
0.133770    88.4874240
0.133710    88.3781280
0.133650    88.2689760
0.133590    88.1601120
0.133530    88.0512480
0.133470    87.9423840
0.133410    87.8338080
0.133350    87.7253760
0.133290    87.6169440
0.133230    87.5086560
0.133170    87.4005120
0.133110    87.2925120
0.133050    87.1846560
0.132990    87.0768000
0.132930    86.9690880
0.132870    86.8615200
0.132810    86.7540960
0.132750    86.6468160
0.132690    86.5395360
0.132630    86.4325440
0.132570    86.3255520
0.132510    86.2187040
0.132450    86.1118560
0.132390    86.0052960
0.132330    85.8987360
0.132270    85.7923200
0.132210    85.6860480
0.132160    85.5797760
0.132100    85.4737920
0.132040    85.3678080
0.131980    85.2619680
0.131920    85.1562720
0.131860    85.0505760
0.131800    84.9450240
0.131750    84.8397600
0.131690    84.7344960
0.131630    84.6292320
0.131570    84.5242560
0.131510    84.4192800
0.131460    84.3144480
0.131400    84.2097600
0.131340    84.1052160
0.131280    84.0008160
0.131220    83.8964160
0.131170    83.7921600
0.131110    83.6880480
0.131050    83.5840800
0.130990    83.4802560
0.130940    83.3764320
0.130880    83.2727520
0.130820    83.1692160
0.130760    83.0658240
0.130710    82.9625760
0.130650    82.8593280
0.130590    82.7562240
0.130530    82.6534080
0.130480    82.5504480
0.130420    82.4477760
0.130360    82.3452480
0.130310    82.2427200
0.130250    82.1403360
0.130190    82.0380960
0.130140    81.9360000
0.130080    81.8339040
0.130020    81.7320960
0.129970    81.6302880
0.129910    81.5286240
0.129860    81.4271040
0.129800    81.3255840
0.129740    81.2243520
0.129690    81.1231200
0.129630    81.0220320
0.129570    80.9210880
0.129520    80.8202880
0.129460    80.7194880
0.129410    80.6189760
0.129350    80.5184640
0.129300    80.4180960
0.129240    80.3178720
0.129180    80.2176480
0.129130    80.1177120
0.129070    80.0177760
0.129020    79.9179840
0.128960    79.8183360
0.128910    79.7188320
0.128850    79.6193280
0.128800    79.5201120
0.128740    79.4208960
0.128690    79.3218240
0.128630    79.2228960
0.128580    79.1239680
0.128520    79.0253280
0.128470    78.9266880
0.128410    78.8281920
0.128360    78.7298400
0.128300    78.6316320
0.128250    78.5334240
0.128190    78.4355040
0.128140    78.3375840
0.128080    78.2398080
0.128030    78.1421760
0.127970    78.0445440
0.127920    77.9472000
0.127870    77.8498560
0.127810    77.7526560
0.127760    77.6556000
0.127700    77.5586880
0.127650    77.4617760
0.127600    77.3651520
0.127540    77.2685280
0.127490    77.1720480
0.127430    77.0757120
0.127380    76.9793760
0.127330    76.8833280
0.127270    76.7872800
0.127220    76.6913760
0.127170    76.5956160
0.127110    76.4998560
0.127060    76.4043840
0.127010    76.3089120
0.126950    76.2135840
0.126900    76.1184000
0.126850    76.0233600
0.126790    75.9283200
0.126740    75.8335680
0.126690    75.7388160
0.126630    75.6442080
0.126580    75.5497440
0.126530    75.4552800
0.126470    75.3611040
0.126420    75.2669280
0.126370    75.1728960
0.126320    75.0790080
0.126260    74.9851200
0.126210    74.8915200
0.126160    74.7979200
0.126110    74.7044640
0.126050    74.6111520
0.126000    74.5178400
0.125950    74.4248160
0.125900    74.3317920
0.125840    74.2389120
0.125790    74.1461760
0.125740    74.0534400
0.125690    73.9609920
0.125640    73.8685440
0.125580    73.7762400
0.125530    73.6840800
0.125480    73.5919200
0.125430    73.5000480
0.125380    73.4081760
0.125320    73.3164480
0.125270    73.2248640
0.125220    73.1334240
0.125170    73.0419840
0.125120    72.9506880
0.125070    72.8595360
0.125010    72.7685280
0.124960    72.6776640
0.124910    72.5868000
0.124860    72.4960800
0.124810    72.4055040
0.124760    72.3150720
0.124710    72.2247840
0.124660    72.1344960
0.124610    72.0443520
0.124550    71.9543520
0.124500    71.8644960
0.124450    71.7747840
0.124400    71.6850720
0.124350    71.5955040
0.124300    71.5060800
0.124250    71.4168000
0.124200    71.3276640
0.124150    71.2385280
0.124100    71.1495360
0.124050    71.0606880
0.124000    70.9719840
0.123950    70.8832800
0.123900    70.7948640
0.123850    70.7064480
0.123800    70.6181760
0.123750    70.5299040
0.123700    70.4419200
0.123650    70.3539360
0.123600    70.2660960
0.123550    70.1784000
0.123500    70.0908480
0.123450    70.0032960
0.123400    69.9158880
0.123350    69.8286240
0.123300    69.7415040
0.123250    69.6545280
0.123200    69.5675520
0.123150    69.4807200
0.123100    69.3940320
0.123050    69.3074880
0.123000    69.2209440
0.122950    69.1345440
0.122900    69.0484320
0.122850    68.9621760
0.122800    68.8762080
0.122750    68.7902400
0.122700    68.7045600
0.122650    68.6188800
0.122610    68.5332000
0.122560    68.4478080
0.122510    68.3624160
0.122460    68.2771680
0.122410    68.1920640
0.122360    68.1071040
0.122310    68.0221440
0.122260    67.9373280
0.122210    67.8526560
0.122170    67.7681280
0.122120    67.6837440
0.122070    67.5993600
0.122020    67.5151200
0.121970    67.4310240
0.121920    67.3469280
0.121880    67.2631200
0.121830    67.1793120
0.121780    67.0956480
0.121730    67.0121280
0.121680    66.9286080
0.121630    66.8452320
0.121590    66.7620000
0.121540    66.6789120
0.121490    66.5959680
0.121440    66.5111520
0.121390    66.4279200
0.121350    66.3448320
0.121300    66.2620320
0.121250    66.1795200
0.121200    66.0972960
0.121160    66.0152160
0.121110    65.9335680
0.121060    65.8522080
0.121020    65.7712800
0.120970    65.6907840
0.120930    65.6107200
0.120880    65.5310880
0.120840    65.4520320
0.120790    65.3734080
0.120750    65.2953600
0.120710    65.2176000
0.120670    65.1404160
0.120620    65.0633760
0.120580    64.9867680
0.120540    64.9103040
0.120500    64.8338400
0.120460    64.7575200
0.120410    64.6809120
0.120370    64.6041600
0.120330    64.5271200
0.120290    64.4496480
0.120240    64.3717440
0.120200    64.2935520
0.120150    64.2149280
0.120110    64.1360160
0.120060    64.0569600
0.120020    63.9777600
0.119970    63.8982720
0.119930    63.8189280
0.119880    63.7394400
0.119830    63.6600960
0.119790    63.5807520
0.119740    63.5015520
0.119700    63.4223520
0.119650    63.3432960
0.119600    63.2643840
0.119560    63.1854720
0.119510    63.1067040
0.119460    63.0280800
0.119420    62.9496000
0.119370    62.8711200
0.119330    62.7927840
0.119280    62.7145920
0.119230    62.6365440
0.119190    62.5586400
0.119140    62.4807360
0.119100    62.4031200
0.119050    62.3255040
0.119000    62.2480320
0.118960    62.1707040
0.118910    62.0933760
0.118870    62.0161920
0.118820    61.9392960
0.118770    61.8624000
0.118730    61.7855040
0.118680    61.7088960
0.118640    61.6322880
0.118590    61.5559680
0.118550    61.4796480
0.118500    61.4034720
0.118450    61.3272960
0.118410    61.2514080
0.118360    61.1755200
0.118320    61.0997760
0.118270    61.0241760
0.118230    60.9487200
0.118180    60.8732640
0.118140    60.7979520
0.118090    60.7229280
0.118040    60.6477600
0.118000    60.5728800
0.117950    60.4980000
0.117910    60.4234080
0.117860    60.3488160
0.117820    60.2743680
0.117770    60.1999200
0.117730    60.1256160
0.117680    60.0516000
0.117640    59.9775840
0.117590    59.9035680
0.117550    59.8298400
0.117500    59.7561120
0.117460    59.6825280
0.117410    59.6090880
0.117370    59.5357920
0.117330    59.4624960
0.117280    59.3893440
0.117240    59.3163360
0.117190    59.2434720
0.117150    59.1706080
0.117100    59.0978880
0.117060    59.0253120
0.117010    58.9528800
0.116970    58.8804480
0.116930    58.8083040
0.116880    58.7361600
0.116840    58.6640160
0.116790    58.5921600
0.116750    58.5203040
0.116700    58.4485920
0.116660    58.3770240
0.116620    58.3056000
0.116570    58.2341760
0.116530    58.1628960
0.116490    58.0917600
0.116440    58.0206240
0.116400    57.9496320
0.116350    57.8787840
0.116310    57.8080800
0.116270    57.7375200
0.116220    57.6669600
0.116180    57.5965440
0.116140    57.5262720
0.116090    57.4560000
0.116050    57.3858720
0.116010    57.3158880
0.115960    57.2460480
0.115920    57.1762080
0.115880    57.1066560
0.115830    57.0369600
0.115790    56.9675520
0.115750    56.8981440
0.115700    56.8288800
0.115660    56.7597600
0.115620    56.6907840
0.115570    56.6218080
0.115530    56.5529760
0.115490    56.4842880
0.115450    56.4156000
0.115400    56.3472000
0.115360    56.2786560
0.115320    56.2104000
0.115270    56.1421440
0.115230    56.0741760
0.115190    56.0060640
0.115150    55.9382400
0.115100    55.8704160
0.115060    55.8027360
0.115020    55.7352000
0.114980    55.6676640
0.114930    55.6002720
0.114890    55.5330240
0.114850    55.4659200
0.114810    55.3988160
0.114770    55.3318560
0.114720    55.2650400
0.114680    55.1982240
0.114640    55.1315520
0.114600    55.0650240
0.114560    54.9986400
0.114510    54.9322560
0.114470    54.8660160
0.114430    54.7999200
0.114390    54.7338240
0.114350    54.6678720
0.114300    54.6020640
0.114260    54.5364000
0.114220    54.4707360
0.114180    54.4052160
0.114140    54.3396960
0.114100    54.2744640
0.114050    54.2092320
0.114010    54.1440000
0.113970    54.0790560
0.113930    54.0141120
0.113890    53.9493120
0.113850    53.8845120
0.113810    53.8200000
0.113760    53.7553440
0.113720    53.6909760
0.113680    53.6266080
0.113640    53.5623840
0.113600    53.4983040
0.113560    53.4343680
0.113520    53.3704320
0.113480    53.3064960
0.113440    53.2428480
0.113400    53.1792000
0.113350    53.1156960
0.113310    53.0521920
0.113270    52.9889760
0.113230    52.9257600
0.113190    52.8625440
0.113150    52.7996160
0.113110    52.7366880
0.113070    52.6737600
0.113030    52.6111200
0.112990    52.5484800
0.112950    52.4858400
0.112910    52.4234880
0.112870    52.3611360
0.112830    52.2989280
0.112790    52.2367200
0.112750    52.1746560
0.112710    52.1127360
0.112660    52.0509600
0.112620    51.9891840
0.112580    51.9275520
0.112540    51.8660640
0.112500    51.8045760
0.112460    51.7432320
0.112420    51.6818880
0.112380    51.6208320
0.112340    51.5597760
0.112300    51.4987200
0.112260    51.4378080
0.112220    51.3770400
0.112180    51.3164160
0.112140    51.2557920
0.112100    51.1953120
0.112060    51.1349760
0.112030    51.0746400
0.111990    51.0144480
0.111950    50.9544000
0.111910    50.8944960
0.111870    50.8345920
0.111830    50.7746880
0.111790    50.7150720
0.111750    50.6554560
0.111710    50.5958400
0.111670    50.5365120
0.111630    50.4771840
0.111590    50.4178560
0.111550    50.3588160
0.111510    50.2997760
0.111470    50.2407360
0.111430    50.1819840
0.111390    50.1232320
0.111350    50.0646240
0.111320    50.0060160
0.111280    49.9475520
0.111240    49.8892320
0.111200    49.8309120
0.111160    49.7727360
0.111120    49.7145600
0.111080    49.6566720
0.111040    49.5987840
0.111000    49.5408960
0.110960    49.4832960
0.110930    49.4255520
0.110890    49.3680960
0.110850    49.3106400
0.110810    49.2533280
0.110770    49.1961600
0.110730    49.1389920
0.110690    49.0819680
0.110650    49.0249440
0.110620    48.9680640
0.110580    48.9113280
0.110540    48.8547360
0.110500    48.7981440
0.110460    48.7415520
0.110420    48.6852480
0.110390    48.6289440
0.110350    48.5727840
0.110310    48.5166240
0.110270    48.4606080
0.110230    48.4045920
0.110190    48.3488640
0.110160    48.2931360
0.110120    48.2374080
0.110080    48.1818240
0.110040    48.1263840
0.110000    48.0710880
0.109960    48.0157920
0.109930    47.9606400
0.109890    47.9054880
0.109850    47.8504800
0.109810    47.7956160
0.109770    47.7407520
0.109740    47.6860320
0.109700    47.6314560
0.109660    47.5768800
0.109620    47.5224480
0.109580    47.4680160
0.109550    47.4137280
0.109510    47.3595840
0.109470    47.3055840
0.109430    47.2515840
0.109400    47.1975840
0.109360    47.1438720
0.109320    47.0901600
0.109280    47.0329920
0.109240    46.9784160
0.109210    46.9244160
0.109170    46.8707040
0.109130    46.8172800
0.109090    46.7638560
0.109060    46.7105760
0.109020    46.6574400
0.108980    46.6045920
0.108950    46.5514560
0.108910    46.4977440
0.108870    46.4451840
0.108840    46.3934880
0.108800    46.3426560
0.108770    46.2925440
0.108740    46.2434400
0.108710    46.1950560
0.108680    46.1471040
0.108650    46.0991520
0.108620    46.0510560
0.108590    46.0028160
0.108550    45.9544320
0.108520    45.9060480
0.108490    45.8575200
0.108450    45.8088480
0.108420    45.7598880
0.108390    45.7106400
0.108350    45.6611040
0.108320    45.6112800
0.108280    45.5611680
0.108250    45.5107680
0.108210    45.4597920
0.108170    45.4086720
0.108140    45.3576960
0.108100    45.3068640
0.108060    45.2558880
0.108030    45.2052000
0.107990    45.1545120
0.107950    45.1039680
0.107920    45.0534240
0.107880    45.0031680
0.107840    44.9527680
0.107810    44.9026560
0.107770    44.8525440
0.107730    44.8024320
0.107690    44.7526080
0.107660    44.7027840
0.107620    44.6529600
0.107580    44.6034240
0.107550    44.5538880
0.107510    44.5043520
0.107470    44.4549600
0.107440    44.4057120
0.107400    44.3566080
0.107360    44.3075040
0.107330    44.2584000
0.107290    44.2095840
0.107250    44.1607680
0.107220    44.1119520
0.107180    44.0634240
0.107140    44.0148960
0.107100    43.9663680
0.107070    43.9179840
0.107030    43.8697440
0.106990    43.8216480
0.106960    43.7735520
0.106920    43.7254560
0.106880    43.6776480
0.106850    43.6298400
0.106810    43.5820320
0.106770    43.5343680
0.106740    43.4868480
0.106700    43.4394720
0.106660    43.3920960
0.106630    43.3447200
0.106590    43.2976320
0.106550    43.2504000
0.106520    43.2034560
0.106480    43.1565120
0.106440    43.1097120
0.106410    43.0629120
0.106370    43.0162560
0.106330    42.9697440
0.106300    42.9232320
0.106260    42.8767200
0.106230    42.8304960
0.106190    42.7842720
0.106150    42.7380480
0.106120    42.6919680
0.106080    42.6460320
0.106040    42.6002400
0.106010    42.5544480
0.105970    42.5086560
0.105930    42.4630080
0.105900    42.4175040
0.105860    42.3720000
0.105830    42.3266400
0.105790    42.2814240
0.105750    42.2362080
0.105720    42.1911360
0.105680    42.1460640
0.105640    42.1011360
0.105610    42.0563520
0.105570    42.0115680
0.105540    41.9669280
0.105500    41.9222880
0.105460    41.8777920
0.105430    41.8332960
0.105390    41.7889440
0.105350    41.7447360
0.105320    41.7005280
0.105280    41.6564640
0.105250    41.6124000
0.105210    41.5684800
0.105170    41.5247040
0.105140    41.4809280
0.105100    41.4372960
0.105070    41.3936640
0.105030    41.3501760
0.105000    41.3068320
0.104960    41.2634880
0.104920    41.2202880
0.104890    41.1770880
0.104850    41.1340320
0.104820    41.0909760
0.104780    41.0480640
0.104740    41.0052960
0.104710    40.9625280
0.104670    40.9199040
0.104640    40.8772800
0.104600    40.8348000
0.104570    40.7923200
0.104530    40.7499840
0.104500    40.7077920
0.104460    40.6656000
0.104420    40.6235520
0.104390    40.5815040
0.104350    40.5396000
0.104320    40.4978400
0.104280    40.4560800
0.104250    40.4143200
0.104210    40.3727040
0.104180    40.3312320
0.104140    40.2899040
0.104100    40.2484320
0.104070    40.2072480
0.104030    40.1660640
0.104000    40.1250240
0.103960    40.0839840
0.103930    40.0430880
0.103890    40.0021920
0.103860    39.9614400
0.103820    39.9206880
0.103790    39.8800800
0.103750    39.8396160
0.103720    39.7991520
0.103680    39.7588320
0.103650    39.7185120
0.103610    39.6783360
0.103580    39.6374400
0.103540    39.5971200
0.103510    39.5573760
0.103470    39.5180640
0.103440    39.4791840
0.103410    39.4408800
0.103380    39.4031520
0.103350    39.3657120
0.103320    39.3282720
0.103290    39.2908320
0.103260    39.2533920
0.103230    39.2156640
0.103200    39.1779360
0.103160    39.1402080
0.103130    39.1020480
0.103100    39.0638880
0.103060    39.0254400
0.103030    38.9868480
0.103000    38.9479680
0.102960    38.9092320
0.102930    38.8704960
0.102890    38.8319040
0.102860    38.7933120
0.102820    38.7548640
0.102790    38.7164160
0.102750    38.6781120
0.102720    38.6398080
0.102690    38.6016480
0.102650    38.5636320
0.102620    38.5256160
0.102580    38.4876000
0.102550    38.4497280
0.102510    38.4120000
0.102480    38.3742720
0.102440    38.3366880
0.102410    38.2991040
0.102370    38.2616640
0.102340    38.2242240
0.102300    38.1869280
0.102270    38.1496320
0.102230    38.1124800
0.102200    38.0754720
0.102160    38.0384640
0.102130    38.0016000
0.102090    37.9647360
0.102060    37.9280160
0.102030    37.8912960
0.101990    37.8547200
0.101960    37.8181440
0.101920    37.7817120
0.101890    37.7454240
0.101850    37.7091360
0.101820    37.6729920
0.101780    37.6368480
0.101750    37.6007040
0.101710    37.5648480
0.101680    37.5289920
0.101640    37.4931360
0.101610    37.4574240
0.101580    37.4217120
0.101540    37.3861440
0.101510    37.3507200
0.101470    37.3152960
0.101440    37.2800160
0.101400    37.2447360
0.101370    37.2094560
0.101330    37.1744640
0.101300    37.1394720
0.101270    37.1044800
0.101230    37.0696320
0.101200    37.0347840
0.101160    37.0000800
0.101130    36.9655200
0.101090    36.9309600
0.101060    36.8964000
0.101030    36.8619840
0.100990    36.8277120
0.100960    36.7934400
0.100920    36.7593120
0.100890    36.7251840
0.100850    36.6912000
0.100820    36.6572160
0.100790    36.6233760
0.100750    36.5895360
0.100720    36.5558400
0.100680    36.5222880
0.100650    36.4887360
0.100620    36.4551840
0.100580    36.4217760
0.100550    36.3885120
0.100510    36.3552480
0.100480    36.3219840
0.100450    36.2890080
0.100410    36.2558880
0.100380    36.2229120
0.100350    36.1900800
0.100310    36.1572480
0.100280    36.1245600
0.100240    36.0918720
0.100210    36.0593280
0.100180    36.0269280
0.100140    35.9943840
0.100110    35.9621280
0.100080    35.9298720
0.100040    35.8976160
0.100010    35.8655040
0.099970    35.8333920
0.099940    35.8014240
0.099910    35.7696000
0.099870    35.7377760
0.099840    35.7059520
0.099810    35.6742720
0.099770    35.6427360
0.099740    35.6112000
0.099710    35.5798080
0.099670    35.5484160
0.099640    35.5170240
0.099610    35.4857760
0.099570    35.4538080
0.099540    35.4224160
0.099500    35.3911680
0.099470    35.3602080
0.099440    35.3292480
0.099400    35.2984320
0.099370    35.2676160
0.099340    35.2369440
0.099310    35.2064160
0.099270    35.1758880
0.099240    35.1455040
0.099210    35.1151200
0.099170    35.0848800
0.099140    35.0546400
0.099110    35.0245440
0.099070    34.9944480
0.099040    34.9644960
0.099010    34.9346880
0.098980    34.9045920
0.098940    34.8743520
0.098910    34.8444000
0.098880    34.8144480
0.098850    34.7847840
0.098810    34.7552640
0.098780    34.7258880
0.098750    34.6968000
0.098720    34.6677120
0.098690    34.6387680
0.098660    34.6101120
0.098630    34.5813120
0.098600    34.5526560
0.098570    34.5240000
0.098540    34.4953440
0.098510    34.4666880
0.098480    34.4380320
0.098450    34.4095200
0.098420    34.3808640
0.098380    34.3523520
0.098350    34.3239840
0.098320    34.2956160
0.098290    34.2672480
0.098260    34.2390240
0.098220    34.2108000
0.098190    34.1827200
0.098160    34.1546400
0.098130    34.1267040
0.098100    34.0987680
0.098060    34.0709760
0.098030    34.0431840
0.098000    34.0155360
0.097970    33.9878880
0.097930    33.9602400
0.097900    33.9327360
0.097870    33.9053760
0.097840    33.8778720
0.097800    33.8506560
0.097770    33.8234400
0.097740    33.7962240
0.097710    33.7691520
0.097680    33.7420800
0.097640    33.7151520
0.097610    33.6882240
0.097580    33.6612960
0.097550    33.6346560
0.097510    33.6078720
0.097480    33.5812320
0.097450    33.5547360
0.097420    33.5282400
0.097380    33.5017440
0.097350    33.4753920
0.097320    33.4490400
0.097290    33.4228320
0.097260    33.3966240
0.097220    33.3705600
0.097190    33.3444960
0.097160    33.3185760
0.097130    33.2926560
0.097100    33.2668800
0.097060    33.2411040
0.097030    33.2153280
0.097000    33.1896960
0.096970    33.1642080
0.096930    33.1385760
0.096900    33.1132320
0.096870    33.0877440
0.096840    33.0625440
0.096810    33.0372000
0.096780    33.0120000
0.096740    32.9869440
0.096710    32.9618880
0.096680    32.9368320
0.096650    32.9119200
0.096620    32.8870080
0.096580    32.8622400
0.096550    32.8374720
0.096520    32.8128480
0.096490    32.7882240
0.096460    32.7636000
0.096430    32.7391200
0.096390    32.7147840
0.096360    32.6904480
0.096330    32.6661120
0.096300    32.6417760
0.096270    32.6177280
0.096240    32.5935360
0.096200    32.5694880
0.096170    32.5454400
0.096140    32.5215360
0.096110    32.4976320
0.096080    32.4738720
0.096050    32.4501120
0.096020    32.4263520
0.095980    32.4027360
0.095950    32.3792640
0.095920    32.3556480
0.095890    32.3323200
0.095860    32.3088480
0.095830    32.2855200
0.095800    32.2623360
0.095760    32.2390080
0.095730    32.2159680
0.095700    32.1927840
0.095670    32.1697440
0.095640    32.1468480
0.095610    32.1239520
0.095580    32.1010560
0.095550    32.0781600
0.095520    32.0555520
0.095480    32.0328000
0.095450    32.0101920
0.095420    31.9875840
0.095390    31.9651200
0.095360    31.9430880
0.095330    31.9207680
0.095300    31.8985920
0.095270    31.8762720
0.095240    31.8540960
0.095210    31.8320640
0.095180    31.8098880
0.095140    31.7878560
0.095110    31.7658240
0.095080    31.7439360
0.095050    31.7220480
0.095020    31.7001600
0.094990    31.6784160
0.094960    31.6566720
0.094930    31.6349280
0.094900    31.6133280
0.094870    31.5917280
0.094840    31.5702720
0.094810    31.5488160
0.094780    31.5273600
0.094740    31.5059040
0.094710    31.4845920
0.094680    31.4632800
0.094650    31.4421120
0.094620    31.4209440
0.094590    31.3997760
0.094560    31.3787520
0.094530    31.3577280
0.094500    31.3367040
0.094470    31.3158240
0.094440    31.2949440
0.094410    31.2742080
0.094380    31.2533280
0.094350    31.2327360
0.094320    31.2120000
0.094290    31.1914080
0.094260    31.1708160
0.094230    31.1503680
0.094200    31.1297760
0.094170    31.1094720
0.094140    31.0890240
0.094110    31.0687200
0.094080    31.0484160
0.094040    31.0282560
0.094010    31.0079520
0.093980    30.9875040
0.093950    30.9670560
0.093920    30.9467520
0.093890    30.9264480
0.093860    30.9061440
0.093830    30.8858400
0.093800    30.8656800
0.093770    30.8453760
0.093740    30.8250720
0.093710    30.8049120
0.093680    30.7847520
0.093660    30.7645920
0.093630    30.7445760
0.093600    30.7245600
0.093570    30.7045440
0.093540    30.6846720
0.093510    30.6649440
0.093480    30.6452160
0.093450    30.6256320
0.093420    30.6061920
0.093390    30.5867520
0.093360    30.5676000
0.093340    30.5483040
0.093310    30.5291520
0.093280    30.5101440
0.093250    30.4911360
0.093220    30.4722720
0.093190    30.4532640
0.093160    30.4345440
0.093130    30.4156800
0.093100    30.3969600
0.093070    30.3782400
0.093040    30.3596640
0.093010    30.3410880
0.092980    30.3225120
0.092950    30.3040800
0.092920    30.2855040
0.092900    30.2670720
0.092870    30.2487840
0.092840    30.2303520
0.092810    30.2120640
0.092780    30.1937760
0.092750    30.1756320
0.092720    30.1574880
0.092690    30.1394880
0.092660    30.1214880
0.092630    30.1034880
0.092600    30.0854880
0.092570    30.0674880
0.092540    30.0494880
0.092510    30.0316320
0.092480    30.0137760
0.092450    29.9959200
0.092420    29.9780640
0.092400    29.9603520
0.092370    29.9424960
0.092340    29.9247840
0.092310    29.9070720
0.092280    29.8895040
0.092250    29.8717920
0.092220    29.8542240
0.092190    29.8366560
0.092160    29.8192320
0.092130    29.8016640
0.092100    29.7842400
0.092070    29.7668160
0.092040    29.7495360
0.092010    29.7321120
0.091980    29.7148320
0.091950    29.6975520
0.091920    29.6804160
0.091900    29.6631360
0.091870    29.6460000
0.091840    29.6288640
0.091810    29.6117280
0.091780    29.5947360
0.091750    29.5777440
0.091720    29.5607520
0.091690    29.5437600
0.091660    29.5267680
0.091630    29.5099200
0.091600    29.4930720
0.091570    29.4762240
0.091540    29.4595200
0.091520    29.4428160
0.091490    29.4261120
0.091460    29.4094080
0.091430    29.3927040
0.091400    29.3761440
0.091370    29.3595840
0.091340    29.3430240
0.091310    29.3264640
0.091280    29.3100480
0.091250    29.2936320
0.091220    29.2772160
0.091190    29.2608000
0.091170    29.2445280
0.091140    29.2281120
0.091110    29.2118400
0.091080    29.1957120
0.091050    29.1794400
0.091020    29.1633120
0.090990    29.1471840
0.090960    29.1310560
0.090930    29.1149280
0.090900    29.0989440
0.090870    29.0829600
0.090850    29.0669760
0.090820    29.0509920
0.090790    29.0351520
0.090760    29.0191680
0.090730    29.0033280
0.090700    28.9876320
0.090670    28.9717920
0.090640    28.9560960
0.090610    28.9404000
0.090580    28.9247040
0.090560    28.9090080
0.090530    28.8934560
0.090500    28.8777600
0.090470    28.8622080
0.090440    28.8468000
0.090410    28.8312480
0.090380    28.8158400
0.090350    28.8004320
0.090320    28.7850240
0.090300    28.7697600
0.090270    28.7544960
0.090240    28.7392320
0.090210    28.7241120
0.090180    28.7088480
0.090150    28.6937280
0.090120    28.6786080
0.090090    28.6634880
0.090070    28.6485120
0.090040    28.6335360
0.090010    28.6185600
0.089980    28.6035840
0.089950    28.5886080
0.089920    28.5737760
0.089890    28.5588000
0.089860    28.5439680
0.089840    28.5292800
0.089810    28.5144480
0.089780    28.4997600
0.089750    28.4849280
0.089720    28.4702400
0.089690    28.4556960
0.089660    28.4410080
0.089630    28.4264640
0.089610    28.4119200
0.089580    28.3973760
0.089550    28.3828320
0.089520    28.3684320
0.089490    28.3537440
0.089460    28.3390560
0.089430    28.3245120
0.089400    28.3098240
0.089370    28.2952800
0.089350    28.2805920
0.089320    28.2660480
0.089290    28.2513600
0.089260    28.2368160
0.089230    28.2221280
0.089200    28.2075840
0.089170    28.1928960
0.089150    28.1783520
0.089120    28.1638080
0.089090    28.1492640
0.089060    28.1348640
0.089030    28.1204640
0.089000    28.1060640
0.088980    28.0918080
0.088950    28.0775520
0.088920    28.0634400
0.088890    28.0493280
0.088860    28.0353600
0.088830    28.0213920
0.088800    28.0075680
0.088780    27.9937440
0.088750    27.9800640
0.088720    27.9663840
0.088690    27.9527040
0.088660    27.9391680
0.088630    27.9256320
0.088600    27.9120960
0.088580    27.8985600
0.088550    27.8851680
0.088520    27.8716320
0.088490    27.8582400
0.088460    27.8448480
0.088430    27.8316000
0.088400    27.8182080
0.088370    27.8049600
0.088340    27.7917120
0.088320    27.7784640
0.088290    27.7652160
0.088260    27.7521120
0.088230    27.7388640
0.088200    27.7257600
0.088170    27.7126560
0.088140    27.6995520
0.088110    27.6865920
0.088080    27.6734880
0.088060    27.6605280
0.088030    27.6475680
0.088000    27.6346080
0.087970    27.6216480
0.087940    27.6088320
0.087910    27.5960160
0.087880    27.5830560
0.087850    27.5702400
0.087820    27.5575680
0.087790    27.5447520
0.087760    27.5320800
0.087740    27.5192640
0.087710    27.5065920
0.087680    27.4940640
0.087650    27.4813920
0.087620    27.4687200
0.087590    27.4561920
0.087560    27.4436640
0.087530    27.4311360
0.087500    27.4186080
0.087470    27.4062240
0.087440    27.3936960
0.087410    27.3813120
0.087390    27.3689280
0.087360    27.3565440
0.087330    27.3441600
0.087300    27.3319200
0.087270    27.3196800
0.087240    27.3074400
0.087210    27.2952000
0.087180    27.2829600
0.087150    27.2707200
0.087120    27.2586240
0.087090    27.2465280
0.087060    27.2342880
0.087030    27.2223360
0.087000    27.2102400
0.086970    27.1981440
0.086950    27.1861920
0.086920    27.1742400
0.086890    27.1622880
0.086860    27.1503360
0.086830    27.1383840
0.086800    27.1265760
0.086770    27.1147680
0.086740    27.1029600
0.086710    27.0911520
0.086680    27.0793440
0.086650    27.0675360
0.086620    27.0558720
0.086590    27.0442080
0.086560    27.0325440
0.086530    27.0208800
0.086500    27.0092160
0.086470    26.9976960
0.086440    26.9861760
0.086410    26.9745120
0.086380    26.9629920
0.086350    26.9516160
0.086320    26.9400960
0.086290    26.9287200
0.086260    26.9172000
0.086230    26.9058240
0.086200    26.8944480
0.086170    26.8832160
0.086150    26.8718400
0.086120    26.8606080
0.086090    26.8493760
0.086060    26.8381440
0.086030    26.8269120
0.086000    26.8156800
0.085970    26.8045920
0.085940    26.7933600
0.085910    26.7822720
0.085880    26.7711840
0.085850    26.7602400
0.085820    26.7491520
0.085790    26.7382080
0.085760    26.7271200
0.085730    26.7161760
0.085700    26.7050880
0.085670    26.6941440
0.085630    26.6830560
0.085600    26.6719680
0.085570    26.6610240
0.085540    26.6499360
0.085510    26.6388480
0.085480    26.6277600
0.085450    26.6166720
0.085420    26.6057280
0.085390    26.5946400
0.085360    26.5836960
0.085330    26.5726080
0.085300    26.5616640
0.085270    26.5507200
0.085240    26.5397760
0.085210    26.5288320
0.085180    26.5180320
0.085150    26.5072320
0.085120    26.4964320
0.085090    26.4857760
0.085060    26.4751200
0.085030    26.4646080
0.085000    26.4539520
0.084970    26.4435840
0.084940    26.4332160
0.084910    26.4228480
0.084880    26.4124800
0.084850    26.4022560
0.084820    26.3920320
0.084790    26.3819520
0.084760    26.3718720
0.084730    26.3617920
0.084690    26.3517120
0.084660    26.3416320
0.084630    26.3316960
0.084600    26.3217600
0.084570    26.3118240
0.084540    26.3020320
0.084510    26.2920960
0.084480    26.2823040
0.084450    26.2725120
0.084420    26.2627200
0.084390    26.2530720
0.084360    26.2432800
0.084330    26.2336320
0.084300    26.2239840
0.084260    26.2143360
0.084230    26.2048320
0.084200    26.1951840
0.084170    26.1856800
0.084140    26.1761760
0.084110    26.1666720
0.084080    26.1571680
0.084050    26.1478080
0.084020    26.1383040
0.083990    26.1289440
0.083960    26.1195840
0.083920    26.1102240
0.083890    26.1010080
0.083860    26.0916480
0.083830    26.0824320
0.083800    26.0732160
0.083770    26.0640000
0.083740    26.0549280
0.083710    26.0457120
0.083680    26.0366400
0.083640    26.0275680
0.083610    26.0184960
0.083580    26.0094240
0.083550    26.0003520
0.083520    25.9914240
0.083490    25.9823520
0.083460    25.9734240
0.083430    25.9644960
0.083400    25.9557120
0.083360    25.9467840
0.083330    25.9380000
0.083300    25.9292160
0.083270    25.9204320
0.083240    25.9116480
0.083210    25.9028640
0.083180    25.8942240
0.083140    25.8855840
0.083110    25.8769440
0.083080    25.8683040
0.083050    25.8596640
0.083020    25.8510240
0.082990    25.8425280
0.082960    25.8340320
0.082930    25.8255360
0.082890    25.8170400
0.082860    25.8085440
0.082830    25.8001920
0.082800    25.7918400
0.082770    25.7833440
0.082740    25.7751360
0.082700    25.7667840
0.082670    25.7584320
0.082640    25.7502240
0.082610    25.7420160
0.082580    25.7338080
0.082550    25.7256000
0.082520    25.7173920
0.082480    25.7093280
0.082450    25.7011200
0.082420    25.6930560
0.082390    25.6849920
0.082360    25.6769280
0.082330    25.6690080
0.082290    25.6609440
0.082260    25.6530240
0.082230    25.6451040
0.082200    25.6371840
0.082170    25.6294080
0.082140    25.6214880
0.082100    25.6137120
0.082070    25.6059360
0.082040    25.5981600
0.082010    25.5903840
0.081980    25.5826080
0.081950    25.5749760
0.081910    25.5673440
0.081880    25.5595680
0.081850    25.5520800
0.081820    25.5444480
0.081790    25.5368160
0.081760    25.5293280
0.081720    25.5218400
0.081690    25.5143520
0.081660    25.5068640
0.081630    25.4993760
0.081600    25.4920320
0.081570    25.4846880
0.081530    25.4772000
0.081500    25.4697120
0.081470    25.4623680
0.081440    25.4548800
0.081400    25.4475360
0.081370    25.4400480
0.081340    25.4327040
0.081310    25.4253600
0.081270    25.4178720
0.081240    25.4105280
0.081210    25.4031840
0.081180    25.3958400
0.081150    25.3884960
0.081110    25.3811520
0.081080    25.3738080
0.081050    25.3664640
0.081020    25.3592640
0.080980    25.3519200
0.080950    25.3447200
0.080920    25.3375200
0.080890    25.3304640
0.080860    25.3232640
0.080820    25.3162080
0.080790    25.3091520
0.080760    25.3022400
0.080730    25.2953280
0.080700    25.2884160
0.080660    25.2815040
0.080630    25.2747360
0.080600    25.2679680
0.080570    25.2613440
0.080530    25.2547200
0.080500    25.2480960
0.080470    25.2414720
0.080440    25.2349920
0.080410    25.2285120
0.080370    25.2220320
0.080340    25.2156960
0.080310    25.2092160
0.080280    25.2028800
0.080240    25.1966880
0.080210    25.1903520
0.080180    25.1841600
0.080150    25.1778240
0.080120    25.1716320
0.080080    25.1654400
0.080050    25.1593920
0.080020    25.1532000
0.079990    25.1471520
0.079950    25.1411040
0.079920    25.1350560
0.079890    25.1290080
0.079860    25.1231040
0.079830    25.1170560
0.079790    25.1111520
0.079760    25.1052480
0.079730    25.0993440
0.079700    25.0934400
0.079660    25.0876800
0.079630    25.0819200
0.079600    25.0760160
0.079570    25.0702560
0.079530    25.0644960
0.079500    25.0588800
0.079470    25.0531200
0.079440    25.0475040
0.079410    25.0418880
0.079370    25.0362720
0.079340    25.0306560
0.079310    25.0250400
0.079280    25.0194240
0.079240    25.0139520
0.079210    25.0084800
0.079180    25.0030080
0.079150    24.9975360
0.079110    24.9920640
0.079080    24.9867360
0.079050    24.9812640
0.079020    24.9759360
0.078980    24.9706080
0.078950    24.9652800
0.078920    24.9599520
0.078890    24.9547680
0.078860    24.9494400
0.078820    24.9442560
0.078790    24.9390720
0.078760    24.9338880
0.078730    24.9287040
0.078690    24.9236640
0.078660    24.9184800
0.078630    24.9134400
0.078600    24.9084000
0.078560    24.9033600
0.078530    24.8983200
0.078500    24.8932800
0.078470    24.8882400
0.078430    24.8833440
0.078400    24.8784480
0.078370    24.8735520
0.078340    24.8686560
0.078300    24.8637600
0.078270    24.8590080
0.078240    24.8541120
0.078210    24.8493600
0.078170    24.8446080
0.078140    24.8398560
0.078110    24.8351040
0.078080    24.8303520
0.078040    24.8257440
0.078010    24.8209920
0.077980    24.8163840
0.077950    24.8117760
0.077910    24.8071680
0.077880    24.8027040
0.077850    24.7980960
0.077820    24.7936320
0.077780    24.7890240
0.077750    24.7845600
0.077720    24.7800960
0.077690    24.7756320
0.077650    24.7713120
0.077620    24.7668480
0.077590    24.7625280
0.077560    24.7582080
0.077520    24.7538880
0.077490    24.7495680
0.077460    24.7452480
0.077430    24.7409280
0.077390    24.7367520
0.077360    24.7324320
0.077330    24.7282560
0.077300    24.7240800
0.077260    24.7199040
0.077230    24.7158720
0.077200    24.7116960
0.077170    24.7076640
0.077130    24.7034880
0.077100    24.6994560
0.077070    24.6954240
0.077040    24.6913920
0.077000    24.6875040
0.076970    24.6834720
0.076940    24.6795840
0.076910    24.6756960
0.076870    24.6716640
0.076840    24.6679200
0.076810    24.6640320
0.076780    24.6601440
0.076740    24.6564000
0.076710    24.6525120
0.076680    24.6487680
0.076650    24.6450240
0.076610    24.6412800
0.076580    24.6375360
0.076550    24.6337920
0.076510    24.6301920
0.076480    24.6264480
0.076450    24.6227040
0.076410    24.6191040
0.076380    24.6153600
0.076350    24.6117600
0.076320    24.6080160
0.076280    24.6044160
0.076250    24.6008160
0.076220    24.5970720
0.076180    24.5934720
0.076150    24.5898720
0.076120    24.5862720
0.076080    24.5826720
0.076050    24.5790720
0.076020    24.5756160
0.075980    24.5720160
0.075950    24.5685600
0.075920    24.5649600
0.075880    24.5615040
0.075850    24.5580480
0.075820    24.5547360
0.075780    24.5512800
0.075750    24.5479680
0.075720    24.5446560
0.075680    24.5413440
0.075650    24.5380320
0.075620    24.5348640
0.075590    24.5316960
0.075550    24.5285280
0.075520    24.5253600
0.075490    24.5223360
0.075450    24.5191680
0.075420    24.5161440
0.075390    24.5132640
0.075350    24.5102400
0.075320    24.5073600
0.075290    24.5044800
0.075250    24.5016000
0.075220    24.4987200
0.075190    24.4959840
0.075160    24.4932480
0.075120    24.4903680
0.075090    24.4877760
0.075060    24.4850400
0.075020    24.4823040
0.074990    24.4797120
0.074960    24.4769760
0.074920    24.4743840
0.074890    24.4717920
0.074860    24.4693440
0.074830    24.4667520
0.074790    24.4641600
0.074760    24.4617120
0.074730    24.4592640
0.074690    24.4568160
0.074660    24.4543680
0.074630    24.4519200
0.074600    24.4494720
0.074560    24.4471680
0.074530    24.4448640
0.074500    24.4424160
0.074460    24.4401120
0.074430    24.4378080
0.074400    24.4356480
0.074360    24.4333440
0.074330    24.4311840
0.074300    24.4288800
0.074260    24.4267200
0.074230    24.4245600
0.074200    24.4224000
0.074170    24.4202400
0.074130    24.4180800
0.074100    24.4160640
0.074070    24.4139040
0.074030    24.4118880
0.074000    24.4098720
0.073970    24.4078560
0.073930    24.4058400
0.073900    24.4039680
0.073870    24.4019520
0.073830    24.4000800
0.073800    24.3980640
0.073770    24.3961920
0.073730    24.3943200
0.073700    24.3925920
0.073670    24.3907200
0.073630    24.3888480
0.073600    24.3871200
0.073570    24.3853920
0.073530    24.3836640
0.073500    24.3819360
0.073470    24.3802080
0.073430    24.3784800
0.073400    24.3768960
0.073370    24.3751680
0.073330    24.3735840
0.073300    24.3720000
0.073270    24.3704160
0.073230    24.3688320
0.073200    24.3672480
0.073160    24.3658080
0.073130    24.3642240
0.073100    24.3627840
0.073060    24.3613440
0.073030    24.3599040
0.073000    24.3584640
0.072960    24.3571680
0.072930    24.3557280
0.072900    24.3544320
0.072860    24.3531360
0.072830    24.3516960
0.072790    24.3505440
0.072760    24.3492480
0.072730    24.3479520
0.072690    24.3468000
0.072660    24.3455040
0.072630    24.3443520
0.072590    24.3432000
0.072560    24.3420480
0.072520    24.3408960
0.072490    24.3398880
0.072460    24.3387360
0.072420    24.3377280
0.072390    24.3367200
0.072350    24.3357120
0.072320    24.3347040
0.072290    24.3336960
0.072250    24.3326880
0.072220    24.3318240
0.072180    24.3308160
0.072150    24.3299520
0.072120    24.3290880
0.072080    24.3282240
0.072050    24.3275040
0.072010    24.3266400
0.071980    24.3259200
0.071950    24.3250560
0.071910    24.3243360
0.071880    24.3236160
0.071840    24.3228960
0.071810    24.3223200
0.071770    24.3216000
0.071740    24.3210240
0.071710    24.3203040
0.071670    24.3197280
0.071640    24.3191520
0.071600    24.3185760
0.071570    24.3180000
0.071530    24.3174240
0.071500    24.3168480
0.071460    24.3162720
0.071430    24.3156960
0.071390    24.3151200
0.071360    24.3145440
0.071320    24.3139680
0.071290    24.3133920
0.071250    24.3128160
0.071220    24.3122400
0.071180    24.3118080
0.071150    24.3113760
0.071110    24.3109440
0.071080    24.3105120
0.071040    24.3100800
0.071000    24.3097920
0.070970    24.3096480
0.070930    24.3093600
0.070900    24.3092160
0.070860    24.3090720
0.070830    24.3089280
0.070800    24.3089280
0.070760    24.3089280
0.070730    24.3089280
0.070690    24.3089280
0.070660    24.3090720
0.070620    24.3090720
0.070590    24.3092160
0.070550    24.3093600
0.070520    24.3095040
0.070480    24.3096480
0.070450    24.3099360
0.070410    24.3100800
0.070380    24.3103680
0.070340    24.3106560
0.070310    24.3109440
0.070270    24.3112320
0.070240    24.3115200
0.070200    24.3119520
0.070170    24.3122400
0.070130    24.3126720
0.070100    24.3131040
0.070060    24.3135360
0.070030    24.3139680
0.069990    24.3144000
0.069960    24.3148320
0.069920    24.3154080
0.069890    24.3159840
0.069850    24.3164160
0.069820    24.3169920
0.069780    24.3175680
0.069750    24.3182880
0.069710    24.3188640
0.069680    24.3194400
0.069640    24.3201600
0.069610    24.3208800
0.069570    24.3216000
0.069540    24.3223200
0.069500    24.3230400
0.069470    24.3237600
0.069430    24.3246240
0.069400    24.3253440
0.069360    24.3262080
0.069330    24.3270720
0.069290    24.3279360
0.069260    24.3288000
0.069220    24.3296640
0.069190    24.3305280
0.069150    24.3315360
0.069120    24.3325440
0.069080    24.3334080
0.069050    24.3344160
0.069010    24.3354240
0.068980    24.3364320
0.068940    24.3375840
0.068910    24.3385920
0.068870    24.3397440
0.068840    24.3408960
0.068800    24.3420480
0.068770    24.3432000
0.068730    24.3443520
0.068690    24.3455040
0.068660    24.3468000
0.068620    24.3479520
0.068590    24.3492480
0.068550    24.3505440
0.068520    24.3518400
0.068480    24.3531360
0.068450    24.3544320
0.068410    24.3558720
0.068380    24.3571680
0.068340    24.3586080
0.068310    24.3600480
0.068270    24.3614880
0.068230    24.3629280
0.068200    24.3643680
0.068160    24.3658080
0.068130    24.3673920
0.068090    24.3688320
0.068060    24.3704160
0.068020    24.3720000
0.067980    24.3735840
0.067950    24.3751680
0.067910    24.3767520
0.067870    24.3783360
0.067840    24.3800640
0.067800    24.3816480
0.067770    24.3832320
0.067730    24.3848160
0.067690    24.3865440
0.067650    24.3881280
0.067620    24.3898560
0.067580    24.3914400
0.067540    24.3931680
0.067510    24.3950400
0.067470    24.3967680
0.067430    24.3986400
0.067400    24.4005120
0.067360    24.4023840
0.067320    24.4044000
0.067290    24.4062720
0.067250    24.4082880
0.067220    24.4104480
0.067180    24.4124640
0.067140    24.4146240
0.067110    24.4167840
0.067070    24.4189440
0.067030    24.4211040
0.067000    24.4234080
0.066960    24.4255680
0.066930    24.4278720
0.066890    24.4301760
0.066850    24.4324800
0.066820    24.4347840
0.066780    24.4370880
0.066740    24.4395360
0.066710    24.4419840
0.066670    24.4442880
0.066640    24.4467360
0.066600    24.4491840
0.066560    24.4516320
0.066530    24.4540800
0.066490    24.4566720
0.066450    24.4591200
0.066420    24.4617120
0.066380    24.4643040
0.066350    24.4668960
0.066310    24.4694880
0.066270    24.4720800
0.066240    24.4746720
0.066200    24.4774080
0.066160    24.4800000
0.066130    24.4827360
0.066090    24.4854720
0.066060    24.4882080
0.066020    24.4909440
0.065980    24.4936800
0.065950    24.4964160
0.065910    24.4992960
0.065870    24.5020320
0.065840    24.5049120
0.065800    24.5077920
0.065770    24.5106720
0.065730    24.5135520
0.065690    24.5164320
0.065660    24.5193120
0.065620    24.5223360
0.065580    24.5252160
0.065550    24.5282400
0.065510    24.5312640
0.065470    24.5342880
0.065440    24.5373120
0.065400    24.5403360
0.065370    24.5435040
0.065330    24.5465280
0.065290    24.5496960
0.065260    24.5527200
0.065220    24.5558880
0.065180    24.5590560
0.065150    24.5622240
0.065110    24.5655360
0.065080    24.5687040
0.065040    24.5718720
0.065000    24.5751840
0.064970    24.5784960
0.064930    24.5818080
0.064890    24.5851200
0.064860    24.5884320
0.064820    24.5917440
0.064780    24.5950560
0.064750    24.5985120
0.064710    24.6019680
0.064680    24.6052800
0.064640    24.6087360
0.064600    24.6121920
0.064570    24.6156480
0.064530    24.6192480
0.064490    24.6227040
0.064460    24.6261600
0.064420    24.6297600
0.064380    24.6333600
0.064350    24.6369600
0.064310    24.6405600
0.064270    24.6443040
0.064240    24.6479040
0.064200    24.6515040
0.064160    24.6552480
0.064130    24.6589920
0.064090    24.6625920
0.064050    24.6663360
0.064010    24.6700800
0.063980    24.6736800
0.063940    24.6774240
0.063900    24.6811680
0.063860    24.6850560
0.063830    24.6888000
0.063790    24.6926880
0.063750    24.6964320
0.063720    24.7003200
0.063680    24.7043520
0.063640    24.7082400
0.063600    24.7122720
0.063570    24.7163040
0.063530    24.7203360
0.063490    24.7243680
0.063460    24.7284000
0.063420    24.7325760
0.063380    24.7367520
0.063350    24.7409280
0.063310    24.7451040
0.063270    24.7492800
0.063240    24.7534560
0.063200    24.7577760
0.063160    24.7620960
0.063130    24.7662720
0.063090    24.7705920
0.063050    24.7749120
0.063020    24.7792320
0.062980    24.7836960
0.062940    24.7880160
0.062910    24.7924800
0.062870    24.7968000
0.062830    24.8012640
0.062800    24.8057280
0.062760    24.8101920
0.062720    24.8146560
0.062690    24.8191200
0.062650    24.8237280
0.062610    24.8281920
0.062580    24.8328000
0.062540    24.8372640
0.062500    24.8418720
0.062470    24.8464800
0.062430    24.8510880
0.062390    24.8556960
0.062360    24.8603040
0.062320    24.8650560
0.062280    24.8696640
0.062250    24.8744160
0.062210    24.8791680
0.062170    24.8837760
0.062140    24.8885280
0.062100    24.8932800
0.062060    24.8981760
0.062030    24.9029280
0.061990    24.9076800
0.061950    24.9125760
0.061920    24.9173280
0.061880    24.9222240
0.061840    24.9271200
0.061810    24.9320160
0.061770    24.9369120
0.061730    24.9418080
0.061700    24.9467040
0.061660    24.9517440
0.061620    24.9566400
0.061590    24.9616800
0.061550    24.9667200
0.061510    24.9717600
0.061480    24.9768000
0.061440    24.9818400
0.061400    24.9868800
0.061370    24.9919200
0.061330    24.9971040
0.061300    25.0021440
0.061260    25.0073280
0.061220    25.0125120
0.061190    25.0175520
0.061150    25.0227360
0.061110    25.0279200
0.061080    25.0332480
0.061040    25.0384320
0.061000    25.0436160
0.060970    25.0489440
0.060930    25.0542720
0.060890    25.0594560
0.060860    25.0647840
0.060820    25.0701120
0.060790    25.0754400
0.060750    25.0807680
0.060710    25.0862400
0.060680    25.0915680
0.060640    25.0970400
0.060600    25.1023680
0.060570    25.1078400
0.060530    25.1133120
0.060490    25.1187840
0.060460    25.1244000
0.060420    25.1300160
0.060380    25.1354880
0.060350    25.1411040
0.060310    25.1467200
0.060270    25.1521920
0.060240    25.1578080
0.060200    25.1634240
0.060160    25.1690400
0.060120    25.1746560
0.060090    25.1802720
0.060050    25.1858880
0.060010    25.1916480
0.059980    25.1972640
0.059940    25.2030240
0.059900    25.2087840
0.059870    25.2145440
0.059830    25.2203040
0.059790    25.2260640
0.059760    25.2319680
0.059720    25.2377280
0.059680    25.2436320
0.059650    25.2495360
0.059610    25.2555840
0.059570    25.2614880
0.059540    25.2673920
0.059500    25.2734400
0.059460    25.2794880
0.059430    25.2855360
0.059390    25.2915840
0.059350    25.2976320
0.059320    25.3036800
0.059280    25.3098720
0.059240    25.3159200
0.059210    25.3221120
0.059170    25.3283040
0.059130    25.3344960
0.059100    25.3406880
0.059060    25.3468800
0.059020    25.3530720
0.058990    25.3592640
0.058950    25.3656000
0.058920    25.3717920
0.058880    25.3781280
0.058840    25.3843200
0.058810    25.3906560
0.058770    25.3969920
0.058730    25.4033280
0.058700    25.4096640
0.058660    25.4160000
0.058620    25.4224800
0.058590    25.4288160
0.058550    25.4352960
0.058520    25.4416320
0.058480    25.4481120
0.058440    25.4545920
0.058410    25.4610720
0.058370    25.4675520
0.058330    25.4740320
0.058300    25.4805120
0.058260    25.4871360
0.058230    25.4936160
0.058190    25.5002400
0.058150    25.5067200
0.058120    25.5133440
0.058080    25.5199680
0.058040    25.5265920
0.058010    25.5332160
0.057970    25.5398400
0.057940    25.5466080
0.057900    25.5532320
0.057860    25.5598560
0.057830    25.5666240
0.057790    25.5733920
0.057760    25.5800160
0.057720    25.5867840
0.057680    25.5935520
0.057650    25.6003200
0.057610    25.6072320
0.057580    25.6140000
0.057540    25.6207680
0.057500    25.6276800
0.057470    25.6344480
0.057430    25.6413600
0.057390    25.6482720
0.057360    25.6551840
0.057320    25.6620960
0.057290    25.6690080
0.057250    25.6759200
0.057210    25.6828320
0.057180    25.6898880
0.057140    25.6968000
0.057110    25.7038560
0.057070    25.7109120
0.057030    25.7179680
0.057000    25.7250240
0.056960    25.7320800
0.056930    25.7391360
0.056890    25.7461920
0.056860    25.7532480
0.056820    25.7604480
0.056780    25.7675040
0.056750    25.7747040
0.056710    25.7819040
0.056670    25.7892480
0.056640    25.7964480
0.056600    25.8036480
0.056570    25.8109920
0.056530    25.8181920
0.056490    25.8255360
0.056460    25.8328800
0.056420    25.8400800
0.056380    25.8474240
0.056350    25.8547680
0.056310    25.8621120
0.056280    25.8694560
0.056240    25.8768000
0.056200    25.8841440
0.056170    25.8914880
0.056130    25.8989760
0.056100    25.9063200
0.056060    25.9138080
0.056020    25.9212960
0.055990    25.9287840
0.055950    25.9364160
0.055910    25.9439040
0.055880    25.9515360
0.055840    25.9591680
0.055810    25.9668000
0.055770    25.9744320
0.055730    25.9820640
0.055700    25.9896960
0.055660    25.9974720
0.055630    26.0052480
0.055590    26.0128800
0.055560    26.0206560
0.055520    26.0284320
0.055480    26.0362080
0.055450    26.0439840
0.055410    26.0519040
0.055380    26.0596800
0.055340    26.0674560
0.055300    26.0753760
0.055270    26.0832960
0.055230    26.0912160
0.055200    26.0989920
0.055160    26.1069120
0.055130    26.1149760
0.055090    26.1228960
0.055050    26.1309600
0.055020    26.1388800
0.054980    26.1469440
0.054950    26.1550080
0.054910    26.1630720
0.054870    26.1711360
0.054840    26.1792000
0.054800    26.1872640
0.054770    26.1954720
0.054730    26.2035360
0.054690    26.2117440
0.054660    26.2198080
0.054620    26.2280160
0.054590    26.2362240
0.054550    26.2442880
0.054520    26.2524960
0.054480    26.2607040
0.054440    26.2689120
0.054410    26.2771200
0.054370    26.2854720
0.054340    26.2936800
0.054300    26.3018880
0.054270    26.3102400
0.054230    26.3184480
0.054200    26.3268000
0.054160    26.3351520
0.054120    26.3435040
0.054090    26.3518560
0.054050    26.3600640
0.054020    26.3685600
0.053980    26.3769120
0.053950    26.3852640
0.053910    26.3936160
0.053880    26.4021120
0.053840    26.4104640
0.053810    26.4189600
0.053770    26.4273120
0.053730    26.4358080
0.053700    26.4443040
0.053660    26.4528000
0.053630    26.4612960
0.053590    26.4697920
0.053560    26.4782880
0.053520    26.4867840
0.053490    26.4952800
0.053450    26.5039200
0.053420    26.5124160
0.053380    26.5210560
0.053350    26.5295520
0.053310    26.5381920
0.053280    26.5468320
0.053240    26.5553280
0.053210    26.5641120
0.053170    26.5727520
0.053140    26.5815360
0.053100    26.5901760
0.053070    26.5989600
0.053030    26.6076000
0.053000    26.6163840
0.052960    26.6251680
0.052920    26.6338080
0.052890    26.6425920
0.052850    26.6512320
0.052820    26.6600160
0.052780    26.6688000
0.052750    26.6775840
0.052710    26.6863680
0.052680    26.6951520
0.052640    26.7039360
0.052610    26.7127200
0.052570    26.7216480
0.052540    26.7305760
0.052500    26.7395040
0.052470    26.7484320
0.052430    26.7573600
0.052400    26.7662880
0.052360    26.7753600
0.052330    26.7844320
0.052290    26.7933600
0.052260    26.8024320
0.052220    26.8115040
0.052190    26.8207200
0.052160    26.8297920
0.052120    26.8388640
0.052090    26.8480800
0.052050    26.8571520
0.052020    26.8663680
0.051980    26.8754400
0.051950    26.8846560
0.051910    26.8938720
0.051880    26.9030880
0.051840    26.9123040
0.051810    26.9215200
0.051770    26.9307360
0.051740    26.9399520
0.051700    26.9493120
0.051670    26.9585280
0.051630    26.9678880
0.051600    26.9771040
0.051570    26.9864640
0.051530    26.9956800
0.051500    27.0050400
0.051460    27.0144000
0.051430    27.0237600
0.051390    27.0331200
0.051360    27.0424800
0.051320    27.0518400
0.051290    27.0612000
0.051260    27.0707040
0.051220    27.0800640
0.051190    27.0895680
0.051150    27.0989280
0.051120    27.1084320
0.051080    27.1177920
0.051050    27.1272960
0.051020    27.1368000
0.050980    27.1463040
0.050950    27.1558080
0.050910    27.1653120
0.050880    27.1748160
0.050850    27.1843200
0.050810    27.1938240
0.050780    27.2034720
0.050740    27.2129760
0.050710    27.2224800
0.050680    27.2321280
0.050640    27.2417760
0.050610    27.2512800
0.050570    27.2609280
0.050540    27.2705760
0.050510    27.2802240
0.050470    27.2898720
0.050440    27.2995200
0.050400    27.3091680
0.050370    27.3188160
0.050340    27.3284640
0.050300    27.3381120
0.050270    27.3479040
0.050240    27.3575520
0.050200    27.3673440
0.050170    27.3769920
0.050130    27.3867840
0.050100    27.3965760
0.050070    27.4062240
0.050030    27.4160160
0.050000    27.4258080
0.049970    27.4356000
0.049930    27.4453920
0.049900    27.4551840
0.049870    27.4651200
0.049830    27.4750560
0.049800    27.4849920
0.049760    27.4949280
0.049730    27.5047200
0.049700    27.5146560
0.049660    27.5245920
0.049630    27.5343840
0.049600    27.5443200
0.049560    27.5542560
0.049530    27.5640480
0.049500    27.5739840
0.049460    27.5839200
0.049430    27.5938560
0.049400    27.6037920
0.049360    27.6137280
0.049330    27.6238080
0.049300    27.6337440
0.049260    27.6438240
0.049230    27.6537600
0.049200    27.6638400
0.049160    27.6740640
0.049130    27.6841440
0.049100    27.6942240
0.049060    27.7044480
0.049030    27.7145280
0.049000    27.7247520
0.048960    27.7349760
0.048930    27.7452000
0.048900    27.7554240
0.048860    27.7656480
0.048830    27.7758720
0.048800    27.7860960
0.048760    27.7964640
0.048730    27.8066880
0.048700    27.8169120
0.048660    27.8272800
0.048630    27.8376480
0.048600    27.8478720
0.048570    27.8582400
0.048530    27.8686080
0.048500    27.8789760
0.048470    27.8893440
0.048430    27.8997120
0.048400    27.9100800
0.048370    27.9204480
0.048340    27.9308160
0.048300    27.9411840
0.048270    27.9515520
0.048240    27.9620640
0.048200    27.9724320
0.048170    27.9829440
0.048140    27.9933120
0.048110    28.0038240
0.048070    28.0141920
0.048040    28.0247040
0.048010    28.0352160
0.047980    28.0457280
0.047940    28.0560960
0.047910    28.0666080
0.047880    28.0771200
0.047850    28.0876320
0.047810    28.0982880
0.047780    28.1088000
0.047750    28.1193120
0.047720    28.1298240
0.047680    28.1403360
0.047650    28.1509920
0.047620    28.1615040
0.047590    28.1721600
0.047550    28.1826720
0.047520    28.1933280
0.047490    28.2039840
0.047460    28.2144960
0.047430    28.2251520
0.047390    28.2358080
0.047360    28.2464640
0.047330    28.2571200
0.047300    28.2677760
0.047270    28.2784320
0.047230    28.2890880
0.047200    28.2997440
0.047170    28.3104000
0.047140    28.3210560
0.047110    28.3317120
0.047070    28.3425120
0.047040    28.3531680
0.047010    28.3639680
0.046980    28.3746240
0.046950    28.3854240
0.046910    28.3960800
0.046880    28.4068800
0.046850    28.4175360
0.046820    28.4283360
0.046790    28.4391360
0.046760    28.4499360
0.046720    28.4607360
0.046690    28.4715360
0.046660    28.4823360
0.046630    28.4932800
0.046600    28.5042240
0.046560    28.5150240
0.046530    28.5259680
0.046500    28.5367680
0.046470    28.5477120
0.046440    28.5585120
0.046410    28.5694560
0.046370    28.5802560
0.046340    28.5910560
0.046310    28.6020000
0.046280    28.6128000
0.046250    28.6237440
0.046220    28.6346880
0.046190    28.6456320
0.046150    28.6564320
0.046120    28.6675200
0.046090    28.6784640
0.046060    28.6894080
0.046030    28.7004960
0.046000    28.7114400
0.045970    28.7225280
0.045940    28.7336160
0.045900    28.7447040
0.045870    28.7557920
0.045840    28.7668800
0.045810    28.7779680
0.045780    28.7892000
0.045750    28.8002880
0.045720    28.8115200
0.045690    28.8226080
0.045650    28.8338400
0.045620    28.8449280
0.045590    28.8561600
0.045560    28.8673920
0.045530    28.8784800
0.045500    28.8897120
0.045470    28.9009440
0.045440    28.9121760
0.045410    28.9234080
0.045370    28.9346400
0.045340    28.9458720
0.045310    28.9571040
0.045280    28.9683360
0.045250    28.9797120
0.045220    28.9909440
0.045190    29.0021760
0.045160    29.0134080
0.045130    29.0247840
0.045100    29.0360160
0.045070    29.0473920
0.045040    29.0586240
0.045000    29.0700000
0.044970    29.0813760
0.044940    29.0926080
0.044910    29.1039840
0.044880    29.1153600
0.044850    29.1265920
0.044820    29.1379680
0.044790    29.1493440
0.044760    29.1607200
0.044730    29.1720960
0.044700    29.1834720
0.044670    29.1948480
0.044640    29.2062240
0.044610    29.2176000
0.044580    29.2291200
0.044550    29.2404960
0.044520    29.2518720
0.044490    29.2632480
0.044460    29.2747680
0.044430    29.2861440
0.044400    29.2976640
0.044370    29.3090400
0.044340    29.3205600
0.044310    29.3319360
0.044280    29.3434560
0.044250    29.3548320
0.044210    29.3663520
0.044180    29.3778720
0.044150    29.3892480
0.044120    29.4007680
0.044090    29.4122880
0.044060    29.4238080
0.044030    29.4353280
0.044000    29.4468480
0.043980    29.4583680
0.043950    29.4698880
0.043920    29.4814080
0.043890    29.4929280
0.043860    29.5044480
0.043830    29.5161120
0.043800    29.5276320
0.043770    29.5391520
0.043740    29.5506720
0.043710    29.5623360
0.043680    29.5740000
0.043650    29.5856640
0.043620    29.5973280
0.043590    29.6089920
0.043560    29.6206560
0.043530    29.6323200
0.043500    29.6439840
0.043470    29.6556480
0.043440    29.6673120
0.043410    29.6789760
0.043380    29.6906400
0.043350    29.7023040
0.043320    29.7139680
0.043290    29.7256320
0.043260    29.7372960
0.043230    29.7491040
0.043200    29.7607680
0.043170    29.7725760
0.043140    29.7842400
0.043110    29.7960480
0.043090    29.8078560
0.043060    29.8196640
0.043030    29.8316160
0.043000    29.8434240
0.042970    29.8552320
0.042940    29.8671840
0.042910    29.8789920
0.042880    29.8909440
0.042850    29.9028960
0.042820    29.9147040
0.042790    29.9266560
0.042760    29.9386080
0.042730    29.9505600
0.042700    29.9625120
0.042670    29.9744640
0.042650    29.9864160
0.042620    29.9983680
0.042590    30.0103200
0.042560    30.0222720
0.042530    30.0343680
0.042500    30.0463200
0.042470    30.0582720
0.042440    30.0703680
0.042410    30.0823200
0.042380    30.0942720
0.042350    30.1063680
0.042330    30.1183200
0.042300    30.1304160
0.042270    30.1425120
0.042240    30.1544640
0.042210    30.1665600
0.042180    30.1786560
0.042150    30.1906080
0.042120    30.2027040
0.042090    30.2148000
0.042070    30.2268960
0.042040    30.2389920
0.042010    30.2510880
0.041980    30.2631840
0.041950    30.2752800
0.041920    30.2873760
0.041890    30.2994720
0.041860    30.3115680
0.041840    30.3236640
0.041810    30.3357600
0.041780    30.3480000
0.041750    30.3600960
0.041720    30.3721920
0.041690    30.3844320
0.041660    30.3965280
0.041640    30.4086240
0.041610    30.4208640
0.041580    30.4329600
0.041550    30.4452000
0.041520    30.4574400
0.041490    30.4695360
0.041470    30.4817760
0.041440    30.4940160
0.041410    30.5061120
0.041380    30.5183520
0.041350    30.5305920
0.041330    30.5428320
0.041300    30.5550720
0.041270    30.5673120
0.041240    30.5795520
0.041210    30.5917920
0.041180    30.6040320
0.041160    30.6162720
0.041130    30.6285120
0.041100    30.6407520
0.041070    30.6529920
0.041040    30.6652320
0.041020    30.6776160
0.040990    30.6898560
0.040960    30.7022400
0.040930    30.7146240
0.040900    30.7270080
0.040880    30.7393920
0.040850    30.7517760
0.040820    30.7641600
0.040790    30.7765440
0.040760    30.7889280
0.040740    30.8013120
0.040710    30.8136960
0.040680    30.8260800
0.040650    30.8384640
0.040620    30.8509920
0.040600    30.8633760
0.040570    30.8757600
0.040540    30.8882880
0.040510    30.9006720
0.040490    30.9132000
0.040460    30.9257280
0.040430    30.9382560
0.040400    30.9509280
0.040370    30.9634560
0.040350    30.9759840
0.040320    30.9886560
0.040290    31.0011840
0.040260    31.0138560
0.040240    31.0265280
0.040210    31.0392000
0.040180    31.0518720
0.040150    31.0644000
0.040130    31.0770720
0.040100    31.0898880
0.040070    31.1025600
0.040040    31.1152320
0.040020    31.1279040
0.039990    31.1405760
0.039960    31.1532480
0.039930    31.1660640
0.039910    31.1787360
0.039880    31.1914080
0.039850    31.2042240
0.039820    31.2168960
0.039800    31.2297120
0.039770    31.2423840
0.039740    31.2552000
0.039710    31.2678720
0.039690    31.2806880
0.039660    31.2935040
0.039630    31.3063200
0.039600    31.3189920
0.039580    31.3318080
0.039550    31.3446240
0.039520    31.3574400
0.039500    31.3702560
0.039470    31.3830720
0.039440    31.3958880
0.039410    31.4087040
0.039390    31.4215200
0.039360    31.4343360
0.039330    31.4471520
0.039310    31.4599680
0.039280    31.4727840
0.039250    31.4857440
0.039230    31.4985600
0.039200    31.5113760
0.039170    31.5241920
0.039140    31.5371520
0.039120    31.5499680
0.039090    31.5629280
0.039060    31.5757440
0.039040    31.5887040
0.039010    31.6015200
0.038980    31.6144800
0.038960    31.6272960
0.038930    31.6402560
0.038900    31.6530720
0.038880    31.6660320
0.038850    31.6789920
0.038820    31.6919520
0.038800    31.7047680
0.038770    31.7177280
0.038740    31.7306880
0.038720    31.7436480
0.038690    31.7566080
0.038660    31.7695680
0.038640    31.7825280
0.038610    31.7954880
0.038590    31.8084480
0.038560    31.8214080
0.038530    31.8343680
0.038510    31.8473280
0.038480    31.8604320
0.038450    31.8736800
0.038430    31.8869280
0.038400    31.9001760
0.038370    31.9134240
0.038350    31.9266720
0.038320    31.9399200
0.038290    31.9530240
0.038270    31.9662720
0.038240    31.9795200
0.038210    31.9927680
0.038190    32.0060160
0.038160    32.0192640
0.038130    32.0326560
0.038110    32.0459040
0.038080    32.0592960
0.038050    32.0725440
0.038030    32.0859360
0.038000    32.0991840
0.037980    32.1125760
0.037950    32.1258240
0.037920    32.1390720
0.037900    32.1524640
0.037870    32.1657120
0.037850    32.1789600
0.037820    32.1923520
0.037790    32.2056000
0.037770    32.2188480
0.037740    32.2322400
0.037720    32.2454880
0.037690    32.2588800
0.037660    32.2721280
0.037640    32.2855200
0.037610    32.2987680
0.037590    32.3121600
0.037560    32.3254080
0.037540    32.3388000
0.037510    32.3520480
0.037480    32.3654400
0.037460    32.3788320
0.037430    32.3920800
0.037410    32.4054720
0.037380    32.4187200
0.037360    32.4321120
0.037330    32.4455040
0.037310    32.4587520
0.037280    32.4721440
0.037260    32.4855360
0.037230    32.4987840
0.037200    32.5121760
0.037180    32.5255680
0.037150    32.5388160
0.037130    32.5522080
0.037100    32.5656000
0.037080    32.5789920
0.037050    32.5922400
0.037030    32.6056320
0.037000    32.6190240
0.036980    32.6322720
0.036950    32.6456640
0.036930    32.6590560
0.036900    32.6724480
0.036880    32.6858400
0.036850    32.6992320
0.036830    32.7124800
0.036800    32.7258720
0.036780    32.7392640
0.036750    32.7526560
0.036730    32.7660480
0.036700    32.7794400
0.036680    32.7928320
0.036660    32.8062240
0.036630    32.8196160
0.036610    32.8330080
0.036580    32.8464000
0.036560    32.8597920
0.036530    32.8733280
0.036510    32.8867200
0.036480    32.9001120
0.036460    32.9135040
0.036430    32.9270400
0.036410    32.9404320
0.036390    32.9538240
0.036360    32.9673600
0.036340    32.9807520
0.036310    32.9942880
0.036290    33.0076800
0.036260    33.0212160
0.036240    33.0347520
0.036210    33.0484320
0.036190    33.0622560
0.036160    33.0762240
0.036140    33.0903360
0.036110    33.1044480
0.036090    33.1185600
0.036060    33.1326720
0.036040    33.1469280
0.036010    33.1611840
0.035990    33.1752960
0.035960    33.1895520
0.035940    33.2036640
0.035910    33.2179200
0.035890    33.2320320
0.035860    33.2461440
0.035840    33.2602560
0.035810    33.2743680
0.035790    33.2883360
0.035760    33.3023040
0.035740    33.3164160
0.035720    33.3302400
0.035690    33.3442080
0.035670    33.3581760
0.035640    33.3720000
0.035620    33.3859680
0.035590    33.3999360
0.035570    33.4139040
0.035550    33.4278720
0.035520    33.4418400
0.035500    33.4558080
0.035470    33.4699200
0.035450    33.4838880
0.035430    33.4978560
0.035400    33.5118240
0.035380    33.5259360
0.035350    33.5399040
0.035330    33.5540160
0.035310    33.5681280
0.035280    33.5820960
0.035260    33.5962080
0.035230    33.6103200
0.035210    33.6244320
0.035190    33.6385440
0.035160    33.6528000
0.035140    33.6669120
0.035110    33.6810240
0.035090    33.6952800
0.035070    33.7093920
0.035040    33.7236480
0.035020    33.7379040
0.035000    33.7521600
0.034970    33.7664160
0.034950    33.7806720
0.034920    33.7949280
0.034900    33.8093280
0.034880    33.8235840
0.034850    33.8379840
0.034830    33.8523840
0.034800    33.8666400
0.034780    33.8810400
0.034760    33.8954400
0.034730    33.9099840
0.034710    33.9243840
0.034680    33.9387840
0.034660    33.9533280
0.034640    33.9678720
0.034610    33.9824160
0.034590    33.9968160
0.034570    34.0115040
0.034540    34.0260480
0.034520    34.0405920
0.034490    34.0552800
0.034470    34.0698240
0.034450    34.0845120
0.034420    34.0992000
0.034400    34.1138880
0.034370    34.1285760
0.034350    34.1434080
0.034330    34.1580960
0.034300    34.1729280
0.034280    34.1877600
0.034250    34.2024480
0.034230    34.2172800
0.034210    34.2322560
0.034180    34.2470880
0.034160    34.2619200
0.034130    34.2768960
0.034110    34.2917280
0.034090    34.3067040
0.034060    34.3216800
0.034040    34.3366560
0.034020    34.3516320
0.033990    34.3667520
0.033970    34.3817280
0.033940    34.3968480
0.033920    34.4118240
0.033900    34.4269440
0.033870    34.4420640
0.033850    34.4571840
0.033820    34.4724480
0.033800    34.4878560
0.033770    34.5032640
0.033750    34.5188160
0.033730    34.5342240
0.033700    34.5497760
0.033680    34.5651840
0.033650    34.5807360
0.033630    34.5962880
0.033610    34.6116960
0.033580    34.6272480
0.033560    34.6428000
0.033530    34.6582080
0.033510    34.6737600
0.033490    34.6893120
0.033460    34.7048640
0.033440    34.7204160
0.033410    34.7359680
0.033390    34.7515200
0.033370    34.7670720
0.033340    34.7826240
0.033320    34.7983200
0.033290    34.8138720
0.033270    34.8295680
0.033250    34.8451200
0.033220    34.8608160
0.033200    34.8763680
0.033170    34.8920640
0.033150    34.9076160
0.033130    34.9233120
0.033100    34.9390080
0.033080    34.9545600
0.033060    34.9702560
0.033030    34.9859520
0.033010    35.0015040
0.032990    35.0172000
0.032960    35.0328960
0.032940    35.0485920
0.032910    35.0642880
0.032890    35.0799840
0.032870    35.0955360
0.032840    35.1112320
0.032820    35.1269280
0.032800    35.1426240
0.032770    35.1583200
0.032750    35.1740160
0.032730    35.1897120
0.032700    35.2054080
0.032680    35.2211040
0.032660    35.2368000
0.032630    35.2524960
0.032610    35.2681920
0.032590    35.2838880
0.032570    35.2995840
0.032540    35.3152800
0.032520    35.3309760
0.032500    35.3466720
0.032470    35.3623680
0.032450    35.3780640
0.032430    35.3939040
0.032400    35.4096000
0.032380    35.4252960
0.032360    35.4409920
0.032330    35.4566880
0.032310    35.4723840
0.032290    35.4882240
0.032270    35.5039200
0.032240    35.5196160
0.032220    35.5353120
0.032200    35.5510080
0.032180    35.5668480
0.032150    35.5825440
0.032130    35.5982400
0.032110    35.6140800
0.032080    35.6297760
0.032060    35.6454720
0.032040    35.6611680
0.032020    35.6770080
0.031990    35.6927040
0.031970    35.7085440
0.031950    35.7242400
0.031930    35.7399360
0.031900    35.7557760
0.031880    35.7714720
0.031860    35.7873120
0.031840    35.8030080
0.031810    35.8187040
0.031790    35.8345440
0.031770    35.8502400
0.031750    35.8660800
0.031730    35.8817760
0.031700    35.8976160
0.031680    35.9133120
0.031660    35.9291520
0.031640    35.9448480
0.031610    35.9606880
0.031590    35.9765280
0.031570    35.9922240
0.031550    36.0080640
0.031530    36.0237600
0.031500    36.0396000
0.031480    36.0552960
0.031460    36.0711360
0.031440    36.0868320
0.031420    36.1026720
0.031390    36.1185120
0.031370    36.1342080
0.031350    36.1500480
0.031330    36.1657440
0.031310    36.1815840
0.031290    36.1974240
0.031260    36.2131200
0.031240    36.2289600
0.031220    36.2446560
0.031200    36.2604960
0.031180    36.2761920
0.031160    36.2920320
0.031130    36.3078720
0.031110    36.3238560
0.031090    36.3396960
0.031070    36.3556800
0.031050    36.3713760
0.031020    36.3873600
0.031000    36.4030560
0.030980    36.4190400
0.030960    36.4348800
0.030940    36.4508640
0.030920    36.4669920
0.030890    36.4831200
0.030870    36.4992480
0.030850    36.5153760
0.030830    36.5315040
0.030810    36.5477760
0.030790    36.5639040
0.030760    36.5800320
0.030740    36.5961600
0.030720    36.6122880
0.030700    36.6285600
0.030680    36.6446880
0.030660    36.6608160
0.030630    36.6770880
0.030610    36.6932160
0.030590    36.7094880
0.030570    36.7256160
0.030550    36.7418880
0.030530    36.7580160
0.030510    36.7742880
0.030480    36.7905600
0.030460    36.8066880
0.030440    36.8229600
0.030420    36.8392320
0.030400    36.8555040
0.030380    36.8717760
0.030360    36.8880480
0.030330    36.9043200
0.030310    36.9205920
0.030290    36.9368640
0.030270    36.9531360
0.030250    36.9694080
0.030230    36.9856800
0.030210    37.0019520
0.030190    37.0182240
0.030160    37.0344960
0.030140    37.0507680
0.030120    37.0670400
0.030100    37.0834560
0.030080    37.0997280
0.030060    37.1160000
0.030040    37.1322720
0.030020    37.1486880
0.030000    37.1649600
0.029980    37.1812320
0.029950    37.1976480
0.029930    37.2139200
0.029910    37.2303360
0.029890    37.2466080
0.029870    37.2630240
0.029850    37.2792960
0.029830    37.2957120
0.029810    37.3119840
0.029790    37.3284000
0.029770    37.3446720
0.029750    37.3610880
0.029730    37.3775040
0.029700    37.3937760
0.029680    37.4101920
0.029660    37.4266080
0.029640    37.4428800
0.029620    37.4592960
0.029600    37.4757120
0.029580    37.4922720
0.029560    37.5088320
0.029540    37.5252480
0.029520    37.5416640
0.029500    37.5582240
0.029480    37.5746400
0.029460    37.5912000
0.029440    37.6076160
0.029410    37.6241760
0.029390    37.6405920
0.029370    37.6571520
0.029350    37.6735680
0.029330    37.6901280
0.029310    37.7066880
0.029290    37.7232480
0.029270    37.7396640
0.029250    37.7562240
0.029230    37.7727840
0.029210    37.7893440
0.029190    37.8057600
0.029170    37.8223200
0.029150    37.8388800
0.029130    37.8554400
0.029110    37.8720000
0.029090    37.8885600
0.029070    37.9051200
0.029050    37.9216800
0.029030    37.9382400
0.029010    37.9549440
0.028990    37.9715040
0.028970    37.9880640
0.028950    38.0046240
0.028930    38.0213280
0.028910    38.0378880
0.028890    38.0545920
0.028860    38.0711520
0.028840    38.0877120
0.028820    38.1044160
0.028800    38.1211200
0.028780    38.1376800
0.028760    38.1543840
0.028740    38.1709440
0.028720    38.1876480
0.028700    38.2043520
0.028680    38.2210560
0.028660    38.2377600
0.028640    38.2544640
0.028620    38.2711680
0.028600    38.2883040
0.028580    38.3054400
0.028560    38.3224320
0.028540    38.3395680
0.028520    38.3565600
0.028500    38.3738400
0.028480    38.3909760
0.028460    38.4081120
0.028440    38.4252480
0.028420    38.4422400
0.028400    38.4593760
0.028380    38.4765120
0.028360    38.4936480
0.028340    38.5107840
0.028320    38.5280640
0.028300    38.5452000
0.028280    38.5624800
0.028260    38.5796160
0.028240    38.5968960
0.028220    38.6141760
0.028200    38.6313120
0.028180    38.6485920
0.028160    38.6658720
0.028140    38.6831520
0.028120    38.7004320
0.028100    38.7177120
0.028080    38.7349920
0.028060    38.7522720
0.028040    38.7695520
0.028020    38.7868320
0.028000    38.8042560
0.027980    38.8215360
0.027960    38.8389600
0.027940    38.8562400
0.027920    38.8736640
0.027900    38.8910880
0.027880    38.9083680
0.027860    38.9257920
0.027840    38.9432160
0.027820    38.9606400
0.027800    38.9780640
0.027780    38.9954880
0.027770    39.0129120
0.027750    39.0304800
0.027730    39.0479040
0.027710    39.0653280
0.027690    39.0827520
0.027670    39.1003200
0.027650    39.1178880
0.027630    39.1353120
0.027610    39.1528800
0.027590    39.1703040
0.027570    39.1877280
0.027550    39.2052960
0.027530    39.2228640
0.027510    39.2404320
0.027490    39.2580000
0.027470    39.2755680
0.027450    39.2929920
0.027430    39.3105600
0.027410    39.3282720
0.027390    39.3458400
0.027370    39.3634080
0.027360    39.3811200
0.027340    39.3986880
0.027320    39.4164000
0.027300    39.4341120
0.027280    39.4518240
0.027260    39.4693920
0.027240    39.4871040
0.027220    39.5048160
0.027220    39.5012160
0.027210    39.5153280
0.027190    39.5294400
0.027180    39.5435520
0.027160    39.5579520
0.027150    39.5723520
0.027130    39.5870400
0.027110    39.6017280
0.027100    39.6167040
0.027080    39.6318240
0.027070    39.6470880
0.027050    39.6624960
0.027030    39.6781920
0.027010    39.6940320
0.027000    39.7098720
0.026980    39.7260000
0.026960    39.7424160
0.026950    39.7589760
0.026930    39.7756800
0.026910    39.7925280
0.026920    39.7838880
0.026920    39.7821600
0.026920    39.7810080
0.026920    39.7798560
0.026920    39.7791360
0.026930    39.7762560
0.026930    39.7768320
0.026930    39.7774080
0.026920    39.7779840
0.026920    39.7785600
0.026920    39.7792800
0.026920    39.7798560
0.026920    39.7797120
0.026920    39.7801440
0.026920    39.7807200
0.026920    39.7811520
0.026920    39.7817280
0.026920    39.7821600
0.026920    39.7827360
0.026920    39.7831680
0.026920    39.7837440
0.026920    39.7841760
0.026920    39.7846080
0.026920    39.7851840
0.026920    39.7856160
0.026920    39.7861920
0.026920    39.7867680
0.026910    39.7872000
0.026910    39.7877760
0.026910    39.7883520
0.026910    39.7889280
0.026910    39.7895040
0.026910    39.7900800
0.026910    39.7906560
0.026910    39.7912320
0.026910    39.7918080
0.026910    39.7923840
0.026910    39.7931040
0.026910    39.7936800
0.026910    39.7942560
0.026910    39.7949760
0.026910    39.7955520
0.026910    39.7962720
0.026900    39.7968480
0.026900    39.7975680
0.026900    39.7982880
0.026900    39.7988640
0.026900    39.7995840
0.026900    39.8003040
0.026900    39.8010240
0.026900    39.8017440
0.026900    39.8024640
0.026900    39.8031840
0.026900    39.8039040
0.026900    39.8046240
0.026900    39.8053440
0.026890    39.8062080
0.026890    39.8069280
0.026890    39.8076480
0.026890    39.8085120
0.026890    39.8092320
0.026890    39.8100960
0.026890    39.8108160
0.026890    39.8116800
0.026890    39.8125440
0.026890    39.8132640
0.026890    39.8141280
0.026890    39.8149920
0.026880    39.8158560
0.026880    39.8167200
0.026880    39.8175840
0.026880    39.8184480
0.026880    39.8194560
0.026880    39.8203200
0.026880    39.8211840
0.026880    39.8220480
0.026880    39.8230560
0.026880    39.8239200
0.026870    39.8249280
0.026870    39.8259360
0.026870    39.8268000
0.026870    39.8278080
0.026870    39.8288160
0.026870    39.8298240
0.026870    39.8308320
0.026870    39.8318400
0.026870    39.8328480
0.026870    39.8338560
0.026860    39.8350080
0.026860    39.8360160
0.026860    39.8370240
0.026860    39.8381760
0.026860    39.8391840
0.026860    39.8403360
0.026860    39.8414880
0.026860    39.8426400
0.026850    39.8437920
0.026850    39.8448000
0.026850    39.8459520
0.026850    39.8472480
0.026850    39.8484000
0.026850    39.8495520
0.026850    39.8507040
0.026850    39.8520000
0.026840    39.8531520
0.026840    39.8544480
0.026840    39.8557440
0.026840    39.8570400
0.026840    39.8581920
0.026840    39.8596320
0.026840    39.8609280
0.026840    39.8622240
0.026830    39.8635200
0.026830    39.8648160
0.026830    39.8662560
0.026830    39.8675520
0.026830    39.8689920
0.026830    39.8704320
0.026830    39.8718720
0.026820    39.8731680
0.026820    39.8746080
0.026820    39.8761920
0.026820    39.8776320
0.026820    39.8790720
0.026820    39.8806560
0.026810    39.8820960
0.026810    39.8836800
0.026810    39.8852640
0.026810    39.8867040
0.026810    39.8882880
0.026810    39.8900160
0.026800    39.8916000
0.026800    39.8931840
0.026800    39.8949120
0.026800    39.8964960
0.026800    39.8982240
0.026800    39.8999520
0.026790    39.9015360
0.026790    39.9032640
0.026790    39.9051360
0.026790    39.9068640
0.026790    39.9085920
0.026780    39.9104640
0.026780    39.9121920
0.026780    39.9140640
0.026780    39.9159360
0.026780    39.9178080
0.026770    39.9196800
0.026770    39.9216960
0.026770    39.9235680
0.026770    39.9255840
0.026770    39.9274560
0.026760    39.9294720
0.026760    39.9314880
0.026760    39.9335040
0.026760    39.9356640
0.026760    39.9376800
0.026750    39.9398400
0.026750    39.9418560
0.026750    39.9440160
0.026750    39.9461760
0.026740    39.9484800
0.026740    39.9506400
0.026740    39.9528000
0.026740    39.9551040
0.026740    39.9574080
0.026730    39.9597120
0.026730    39.9620160
0.026730    39.9643200
0.026730    39.9667680
0.026720    39.9690720
0.026720    39.9715200
0.026720    39.9739680
0.026720    39.9764160
0.026710    39.9790080
0.026710    39.9814560
0.026710    39.9840480
0.026700    39.9866400
0.026700    39.9892320
0.026700    39.9918240
0.026700    39.9944160
0.026690    39.9971520
0.026690    39.9998880
0.026690    40.0026240
0.026690    40.0053600
0.026680    40.0080960
0.026680    40.0109760
0.026680    40.0138560
0.026670    40.0167360
0.026670    40.0196160
0.026670    40.0224960
0.026660    40.0255200
0.026660    40.0285440
0.026660    40.0315680
0.026650    40.0345920
0.026650    40.0377600
0.026650    40.0407840
0.026650    40.0439520
0.026640    40.0471200
0.026640    40.0504320
0.026640    40.0536000
0.026630    40.0569120
0.026630    40.0602240
0.026620    40.0636800
0.026620    40.0669920
0.026620    40.0704480
0.026610    40.0739040
0.026610    40.0773600
0.026610    40.0809600
0.026600    40.0844160
0.026600    40.0880160
0.026600    40.0917600
0.026590    40.0953600
0.026590    40.0991040
0.026580    40.1028480
0.026580    40.1067360
0.026580    40.1104800
0.026570    40.1143680
0.026570    40.1182560
0.026560    40.1222880
0.026560    40.1263200
0.026560    40.1303520
0.026550    40.1343840
0.026550    40.1385600
0.026540    40.1425920
0.026540    40.1469120
0.026530    40.1510880
0.026530    40.1554080
0.026530    40.1597280
0.026520    40.1640480
0.026520    40.1685120
0.026510    40.1729760
0.026510    40.1775840
0.026500    40.1820480
0.026500    40.1866560
0.026490    40.1914080
0.026490    40.1961600
0.026480    40.2009120
0.026480    40.2056640
0.026470    40.2105600
0.026470    40.2154560
0.026460    40.2203520
0.026460    40.2253920
0.026450    40.2304320
0.026450    40.2356160
0.026440    40.2408000
0.026440    40.2459840
0.026430    40.2513120
0.026430    40.2566400
0.026420    40.2619680
0.026410    40.2674400
0.026410    40.2729120
0.026400    40.2785280
0.026400    40.2841440
0.026390    40.2897600
0.026390    40.2955200
0.026380    40.3012800
0.026370    40.3071840
0.026370    40.3130880
0.026360    40.3189920
0.026360    40.3250400
0.026350    40.3312320
0.026340    40.3374240
0.026340    40.3436160
0.026330    40.3499520
0.026320    40.3562880
0.026320    40.3627680
0.026310    40.3692480
0.026300    40.3757280
0.026300    40.3823520
0.026290    40.3891200
0.026280    40.3958880
0.026280    40.4028000
0.026270    40.4097120
0.026260    40.4166240
0.026260    40.4236800
0.026250    40.4308800
0.026240    40.4380800
0.026230    40.4454240
0.026230    40.4527680
0.026220    40.4602560
0.026210    40.4677440
0.026200    40.4753760
0.026200    40.4831520
0.026190    40.4909280
0.026180    40.4987040
0.026170    40.5066240
0.026160    40.5146880
0.026160    40.5227520
0.026150    40.5309600
0.026140    40.5393120
0.026130    40.5476640
0.026120    40.5561600
0.026110    40.5646560
0.026110    40.5732960
0.026100    40.5820800
0.026090    40.5908640
0.026080    40.5997920
0.026070    40.6088640
0.026060    40.6179360
0.026050    40.6271520
0.026040    40.6365120
0.026030    40.6460160
0.026020    40.6555200
0.026010    40.6651680
0.026000    40.6748160
0.025990    40.6846080
0.025990    40.6945440
0.025980    40.7046240
0.025970    40.7148480
0.025950    40.7250720
0.025940    40.7354400
0.025930    40.7459520
0.025920    40.7566080
0.025910    40.7672640
0.025900    40.7780640
0.025890    40.7891520
0.025880    40.8000960
0.025870    40.8113280
0.025860    40.8227040
0.025850    40.8340800
0.025840    40.8457440
0.025820    40.8574080
0.025810    40.8692160
0.025800    40.8811680
0.025790    40.8932640
0.025780    40.9055040
0.025770    40.9178880
0.025750    40.9304160
0.025740    40.9429440
0.025730    40.9557600
0.025720    40.9685760
0.025700    40.9816800
0.025690    40.9949280
0.025680    41.0083200
0.025660    41.0217120
0.025650    41.0353920
0.025640    41.0492160
0.025620    41.0631840
0.025610    41.0772960
0.025600    41.0915520
0.025580    41.1059520
0.025570    41.1206400
0.025560    41.1353280
0.025540    41.1503040
0.025530    41.1652800
0.025510    41.1806880
0.025500    41.1960960
0.025480    41.2116480
0.025470    41.2274880
0.025450    41.2434720
0.025440    41.2596000
0.025420    41.2758720
0.025410    41.2924320
0.025390    41.3091360
0.025370    41.3259840
0.025360    41.3431200
0.025340    41.3604000
0.025320    41.3779680
0.025310    41.3956800
0.025290    41.4135360
0.025270    41.4316800
0.025260    41.4505440
0.025240    41.4696960
0.025220    41.4889920
0.025200    41.5085760
0.025180    41.5284480
0.025170    41.5484640
0.025150    41.5687680
0.025130    41.5889280
0.025110    41.6093760
0.025090    41.6296800
0.025070    41.6499840
0.025050    41.6704320
0.025030    41.6908800
0.025020    41.7113280
0.025000    41.7317760
0.024980    41.7523680
0.024960    41.7728160
0.024940    41.7934080
0.024920    41.8140000
0.024900    41.8345920
0.024890    41.8551840
0.024870    41.8759200
0.024850    41.8965120
0.024830    41.9172480
0.024810    41.9379840
0.024790    41.9587200
0.024770    41.9794560
0.024750    42.0003360
0.024740    42.0210720
0.024720    42.0419520
0.024700    42.0628320
0.024680    42.0837120
0.024660    42.1045920
0.024640    42.1256160
0.024620    42.1464960
0.024610    42.1675200
0.024590    42.1885440
0.024570    42.2095680
0.024550    42.2305920
0.024530    42.2517600
0.024510    42.2729280
0.024500    42.2939520
0.024480    42.3151200
0.024460    42.3362880
0.024440    42.3576000
0.024420    42.3787680
0.024400    42.4000800
0.024380    42.4213920
0.024370    42.4427040
0.024350    42.4640160
0.024330    42.4853280
0.024310    42.5067840
0.024290    42.5282400
0.024270    42.5496960
0.024260    42.5711520
0.024240    42.5923200
0.024220    42.6137760
0.024200    42.6352320
0.024180    42.6568320
0.024160    42.6782880
0.024150    42.6997440
0.024130    42.7212000
0.024110    42.7428000
0.024090    42.7644000
0.024070    42.7858560
0.024050    42.8074560
0.024040    42.8290560
0.024020    42.8505120
0.024000    42.8718240
0.023980    42.8934240
0.023990    42.8891040
0.023970    42.9063840
0.023960    42.9236640
0.023940    42.9409440
0.023930    42.9583680
0.023910    42.9760800
0.023900    42.9937920
0.023880    43.0117920
0.023870    43.0300800
0.023850    43.0486560
0.023840    43.0673760
0.023820    43.0862400
0.023810    43.1055360
0.023810    43.1016480
0.023810    43.0987680
0.023810    43.0963200
0.023820    43.0944480
0.023810    43.1022240
0.023800    43.1097120
0.023800    43.1172000
0.023790    43.1246880
0.023780    43.1323200
0.023780    43.1399520
0.023770    43.1477280
0.023770    43.1555040
0.023760    43.1634240
0.023750    43.1713440
0.023750    43.1794080
0.023740    43.1876160
0.023730    43.1958240
0.023720    43.2041760
0.023720    43.2125280
0.023710    43.2211680
0.023710    43.2180000
0.023710    43.2236160
0.023710    43.2208800
0.023710    43.2237600
0.023710    43.2264960
0.023710    43.2259200
0.023710    43.2254880
0.023710    43.2272160
0.023710    43.2269280
0.023700    43.2283680
0.023700    43.2296640
0.023700    43.2311040
0.023700    43.2308160
0.023700    43.2306720
0.023700    43.2315360
0.023700    43.2313920
0.023700    43.2312480
0.023700    43.2318240
0.023700    43.2313920
0.023700    43.2316800
0.023700    43.2319680
0.023700    43.2318240
0.023700    43.2316800
0.023700    43.2316800
0.023700    43.2316800
0.023700    43.2318240
0.023700    43.2316800
0.023700    43.2318240
0.023700    43.2318240
0.023700    43.2318240
0.023700    43.2319680
0.023700    43.2319680
0.023700    43.2319680
0.023700    43.2319680
0.023700    43.2319680
0.023700    43.2319680
0.023700    43.2319680
0.023700    43.2321120
0.023700    43.2319680
0.023700    43.2319680
0.023700    43.2319680
0.023700    43.2319680
0.023700    43.2319680
0.023700    43.2321120
0.023700    43.2321120
0.023700    43.2321120
0.023700    43.2321120
0.023700    43.2321120
0.023700    43.2321120
0.023700    43.2321120
0.023700    43.2283680
0.022974    44.1327440
0.022270    45.0560404
0.021587    45.9986530
0.020926    46.9609858
0.020285    47.9434515
0.019663    48.9464713
0.019061    49.9704751
0.018477    51.0159021
0.017911    52.0832002
0.017362    53.1728272
0.016830    54.2852502
0.016314    55.4209461
0.015814    56.5804017
0.015330    57.7641142
0.014860    58.9725910
0.014405    60.2063502
0.013963    61.4659208
0.013535    62.7518426
0.013121    64.0646672
0.012719    65.4049572
0.012329    66.7732872
0.011951    68.1702439
0.011585    69.5964263
0.011230    71.0524456
0.010886    72.5389261
0.010552    74.0565052
0.010229    75.6058333
0.009915    77.1875748
0.009612    78.8024077
0.009317    80.4510244
0.009032    82.1341316
0.008755    83.8524509
0.008487    85.6067189
0.008227    87.3976879
0.007975    89.2261255
0.007730    91.0928156
0.007493    92.9985586
0.007264    94.9441714
0.007041    96.9304881
0.006825    98.9583604
0.006616    101.0286576
0.006413    103.1422672
0.006217    105.3000955
0.006026    107.5030674
0.005842    109.7521275
0.005663    112.0482399
0.005489    114.3923890
0.005321    116.7855798
