0.152550    89.8786080
0.152510    89.7212160
0.152480    89.5704480
0.152450    89.4199680
0.152410    89.2683360
0.152380    89.1155520
0.152350    88.9619040
0.152320    88.8075360
0.152280    88.6521600
0.152250    88.4960640
0.152220    88.3393920
0.152180    88.1818560
0.152150    88.0238880
0.152120    87.8652000
0.152080    87.7059360
0.152050    87.5460960
0.152020    87.3859680
0.151980    87.2254080
0.151950    87.0644160
0.151920    86.9031360
0.151880    86.7414240
0.151850    86.5794240
0.151820    86.4169920
0.151780    86.2542720
0.151750    86.0912640
0.151720    85.9279680
0.151680    85.7643840
0.151650    85.6005120
0.151620    85.4363520
0.151580    85.2720480
0.151550    85.1074560
0.151520    84.9425760
0.151480    84.7775520
0.151450    84.6122400
0.151420    84.4467840
0.151380    84.2811840
0.151350    84.1154400
0.151320    83.9494080
0.151280    83.7833760
0.151250    83.6170560
0.151210    83.4505920
0.151180    83.2839840
0.151150    83.1172320
0.151110    82.9503360
0.151080    82.7831520
0.151050    82.6158240
0.151010    82.4482080
0.150980    82.2805920
0.150950    82.1134080
0.150910    81.9468000
0.150880    81.7850880
0.150850    81.6402240
0.150820    81.5029920
0.150790    81.3657600
0.150760    81.2272320
0.150730    81.0876960
0.150700    80.9472960
0.150670    80.8060320
0.150630    80.6641920
0.150600    80.5216320
0.150570    80.3783520
0.150540    80.2344960
0.150510    80.0900640
0.150480    79.9452000
0.150450    79.7997600
0.150420    79.6538880
0.150390    79.5075840
0.150360    79.3608480
0.150330    79.2136800
0.150290    79.0660800
0.150260    78.9181920
0.150230    78.7700160
0.150200    78.6214080
0.150170    78.4725120
0.150140    78.3231840
0.150110    78.1737120
0.150080    78.0239520
0.150050    77.8739040
0.150010    77.7235680
0.149980    77.5730880
0.149950    77.4223200
0.149920    77.2714080
0.149890    77.1202080
0.149860    76.9688640
0.149830    76.8173760
0.149790    76.6657440
0.149760    76.5138240
0.149730    76.3617600
0.149700    76.2096960
0.149670    76.0573440
0.149640    75.9048480
0.149610    75.7523520
0.149570    75.5997120
0.149540    75.4467840
0.149510    75.2938560
0.149480    75.1407840
0.149450    74.9877120
0.149420    74.8346400
0.149390    74.6817120
0.149350    74.5290720
0.149320    74.3793120
0.149290    74.2456800
0.149270    74.1204000
0.149240    73.9948320
0.149210    73.8681120
0.149180    73.7405280
0.149150    73.6117920
0.149120    73.4823360
0.149090    73.3523040
0.149070    73.2215520
0.149040    73.0902240
0.149010    72.9583200
0.148980    72.8259840
0.148950    72.6930720
0.148920    72.5597280
0.148890    72.4259520
0.148860    72.2917440
0.148830    72.1571040
0.148800    72.0221760
0.148770    71.8868160
0.148740    71.7511680
0.148720    71.6150880
0.148690    71.4787200
0.148660    71.3420640
0.148630    71.2051200
0.148600    71.0678880
0.148570    70.9303680
0.148540    70.7927040
0.148510    70.6546080
0.148480    70.5165120
0.148450    70.3781280
0.148420    70.2394560
0.148390    70.1006400
0.148360    69.9616800
0.148330    69.8225760
0.148300    69.6831840
0.148270    69.5437920
0.148240    69.4042560
0.148210    69.2644320
0.148180    69.1246080
0.148150    68.9846400
0.148120    68.8446720
0.148090    68.7044160
0.148060    68.5641600
0.148030    68.4237600
0.148000    68.2833600
0.147980    68.1429600
0.147950    68.0024160
0.147920    67.8617280
0.147890    67.7211840
0.147860    67.5806400
0.147830    67.4402400
0.147800    67.2999840
0.147770    67.1626080
0.147740    67.0381920
0.147710    66.9228480
0.147680    66.8070720
0.147660    66.6902880
0.147630    66.5726400
0.147600    66.4539840
0.147580    66.3346080
0.147550    66.2146560
0.147520    66.0941280
0.147490    65.9731680
0.147470    65.8514880
0.147440    65.7295200
0.147410    65.6069760
0.147380    65.4841440
0.147350    65.3607360
0.147330    65.2370400
0.147300    65.1129120
0.147270    64.9884960
0.147240    64.8636480
0.147220    64.7385120
0.147190    64.6130880
0.147160    64.4872320
0.147130    64.3612320
0.147100    64.2349440
0.147070    64.1083680
0.147050    63.9815040
0.147020    63.8544960
0.146990    63.7272000
0.146960    63.5997600
0.146930    63.4720320
0.146910    63.3441600
0.146880    63.2161440
0.146850    63.0878400
0.146820    62.9595360
0.146790    62.8309440
0.146760    62.7022080
0.146730    62.5734720
0.146710    62.4444480
0.146680    62.3154240
0.146650    62.1862560
0.146620    62.0569440
0.146590    61.9276320
0.146560    61.7981760
0.146530    61.6687200
0.146510    61.5391200
0.146480    61.4093760
0.146450    61.2797760
0.146420    61.1500320
0.146390    61.0202880
0.146360    60.8905440
0.146330    60.7608000
0.146300    60.6310560
0.146270    60.5013120
0.146250    60.3717120
0.146220    60.2421120
0.146190    60.1126560
0.146160    59.9833440
0.146130    59.8541760
0.146100    59.7254400
0.146070    59.6089440
0.146050    59.5018080
0.146020    59.3940960
0.145990    59.2855200
0.145970    59.1760800
0.145940    59.0657760
0.145920    58.9548960
0.145890    58.8432960
0.145860    58.7312640
0.145840    58.6186560
0.145810    58.5056160
0.145780    58.3921440
0.145750    58.2780960
0.145730    58.1637600
0.145700    58.0489920
0.145670    57.9339360
0.145650    57.8184480
0.145620    57.7026720
0.145590    57.5866080
0.145560    57.4701120
0.145540    57.3533280
0.145510    57.2364000
0.145480    57.1190400
0.145450    57.0015360
0.145430    56.8837440
0.145400    56.7659520
0.145370    56.6478720
0.145340    56.5296480
0.145320    56.4114240
0.145290    56.2930560
0.145260    56.1746880
0.145230    56.0561760
0.145200    55.9378080
0.145180    55.8194400
0.145150    55.7010720
0.145120    55.5828480
0.145090    55.4647680
0.145070    55.3469760
0.145040    55.2294720
0.145010    55.1124000
0.144980    54.9956160
0.144960    54.8792640
0.144930    54.7632000
0.144900    54.6475680
0.144870    54.5322240
0.144850    54.4173120
0.144820    54.3028320
0.144790    54.1886400
0.144770    54.0748800
0.144740    53.9614080
0.144710    53.8483680
0.144690    53.7357600
0.144660    53.6234400
0.144630    53.5115520
0.144610    53.3999520
0.144580    53.2887840
0.144550    53.1780480
0.144530    53.0676000
0.144500    52.9575840
0.144480    52.8478560
0.144450    52.7385600
0.144420    52.6296960
0.144400    52.5211200
0.144370    52.4129760
0.144350    52.3052640
0.144320    52.1979840
0.144290    52.0909920
0.144270    51.9844320
0.144240    51.8781600
0.144220    51.7723200
0.144190    51.6669120
0.144170    51.5619360
0.144140    51.4572480
0.144120    51.3529920
0.144090    51.2490240
0.144070    51.1454880
0.144040    51.0423840
0.144020    50.9395680
0.143990    50.8370400
0.143970    50.7350880
0.143940    50.6332800
0.143920    50.5319040
0.143890    50.4309600
0.143870    50.3303040
0.143840    50.2300800
0.143820    50.1301440
0.143790    50.0304960
0.143770    49.9312800
0.143740    49.8323520
0.143720    49.7338560
0.143700    49.6356480
0.143670    49.5377280
0.143650    49.4402400
0.143620    49.3430400
0.143600    49.2461280
0.143580    49.1496480
0.143550    49.0534560
0.143530    48.9575520
0.143500    48.8620800
0.143480    48.7668960
0.143460    48.6720000
0.143430    48.5773920
0.143410    48.4832160
0.143390    48.3893280
0.143360    48.2958720
0.143340    48.2027040
0.143310    48.1098240
0.143290    48.0173760
0.143270    47.9253600
0.143250    47.8336320
0.143220    47.7423360
0.143200    47.6513280
0.143180    47.5607520
0.143150    47.4704640
0.143130    47.3804640
0.143110    47.2908960
0.143080    47.2017600
0.143060    47.1127680
0.143040    47.0243520
0.143020    46.9360800
0.142990    46.8483840
0.142970    46.7608320
0.142950    46.6737120
0.142930    46.5868800
0.142910    46.5004800
0.142880    46.4143680
0.142860    46.3285440
0.142840    46.2431520
0.142820    46.1580480
0.142790    46.0732320
0.142770    45.9888480
0.142750    45.9047520
0.142730    45.8209440
0.142710    45.7375680
0.142690    45.6543360
0.142660    45.5715360
0.142640    45.4891680
0.142620    45.4069440
0.142600    45.3251520
0.142580    45.2436480
0.142560    45.1624320
0.142540    45.0816480
0.142520    45.0010080
0.142490    44.9208000
0.142470    44.8408800
0.142450    44.7612480
0.142430    44.6819040
0.142410    44.6029920
0.142390    44.5242240
0.142370    44.4458880
0.142350    44.3678400
0.142330    44.2900800
0.142310    44.2126080
0.142290    44.1355680
0.142270    44.0586720
0.142250    43.9822080
0.142230    43.9060320
0.142210    43.8301440
0.142190    43.7545440
0.142160    43.6792320
0.142140    43.6042080
0.142120    43.5296160
0.142100    43.4551680
0.142090    43.3811520
0.142070    43.3072800
0.142050    43.2338400
0.142030    43.1605440
0.142010    43.0876800
0.141990    43.0151040
0.141970    42.9428160
0.141950    42.8706720
0.141930    42.7989600
0.141910    42.7275360
0.141890    42.6562560
0.141870    42.5854080
0.141850    42.5148480
0.141830    42.4444320
0.141810    42.3744480
0.141790    42.3046080
0.141770    42.2350560
0.141760    42.1659360
0.141740    42.0969600
0.141720    42.0282720
0.141700    41.9598720
0.141680    41.8916160
0.141660    41.8237920
0.141640    41.7562560
0.141620    41.6888640
0.141610    41.6217600
0.141590    41.5549440
0.141570    41.4884160
0.141550    41.4221760
0.141530    41.3560800
0.141510    41.2902720
0.141500    41.2247520
0.141480    41.1595200
0.141460    41.0945760
0.141440    41.0297760
0.141420    40.9652640
0.141410    40.9010400
0.141390    40.8369600
0.141370    40.7733120
0.141350    40.7098080
0.141340    40.6464480
0.141320    40.5835200
0.141300    40.5207360
0.141280    40.4582400
0.141270    40.3958880
0.141250    40.3338240
0.141230    40.2720480
0.141210    40.2105600
0.141200    40.1492160
0.141180    40.0872960
0.141160    40.0224960
0.141140    39.9633120
0.141130    39.9042720
0.141110    39.8453760
0.141100    39.7866240
0.141080    39.7280160
0.141060    39.6695520
0.141050    39.6112320
0.141030    39.5530560
0.141020    39.4950240
0.141000    39.4371360
0.140980    39.3795360
0.140970    39.3219360
0.140950    39.2646240
0.140940    39.2076000
0.140920    39.1505760
0.140910    39.0936960
0.140890    39.0371040
0.140870    38.9806560
0.140860    38.9243520
0.140840    38.8683360
0.140830    38.8124640
0.140810    38.7565920
0.140800    38.7011520
0.140780    38.6457120
0.140760    38.5905600
0.140750    38.5355520
0.140730    38.4806880
0.140720    38.4259680
0.140700    38.3715360
0.140690    38.3172480
0.140670    38.2631040
0.140660    38.2091040
0.140640    38.1553920
0.140620    38.1018240
0.140610    38.0484000
0.140590    37.9951200
0.140580    37.9421280
0.140560    37.8891360
0.140550    37.8364320
0.140530    37.7840160
0.140520    37.7316000
0.140500    37.6794720
0.140490    37.6274880
0.140470    37.5756480
0.140460    37.5239520
0.140440    37.4725440
0.140430    37.4212800
0.140410    37.3701600
0.140400    37.3191840
0.140380    37.2684960
0.140370    37.2178080
0.140350    37.1674080
0.140340    37.1171520
0.140320    37.0670400
0.140310    37.0164960
0.140290    36.9636480
0.140280    36.9142560
0.140270    36.8651520
0.140250    36.8161920
0.140240    36.7672320
0.140220    36.7184160
0.140210    36.6698880
0.140200    36.6213600
0.140180    36.5729760
0.140170    36.5247360
0.140150    36.4766400
0.140140    36.4286880
0.140130    36.3808800
0.140110    36.3332160
0.140100    36.2856960
0.140080    36.2381760
0.140070    36.1909440
0.140060    36.1438560
0.140040    36.0969120
0.140030    36.0501120
0.140020    36.0033120
0.140000    35.9568000
0.139990    35.9104320
0.139970    35.8642080
0.139960    35.8179840
0.139950    35.7720480
0.139930    35.7262560
0.139920    35.6806080
0.139910    35.6349600
0.139890    35.5896000
0.139880    35.5443840
0.139870    35.4991680
0.139850    35.4542400
0.139840    35.4094560
0.139830    35.3646720
0.139810    35.3201760
0.139800    35.2756800
0.139790    35.2314720
0.139770    35.1872640
0.139760    35.1433440
0.139750    35.0994240
0.139730    35.0557920
0.139720    35.0121600
0.139710    34.9686720
0.139690    34.9254720
0.139680    34.8822720
0.139670    34.8392160
0.139650    34.7957280
0.139640    34.7505120
0.139630    34.7076000
0.139610    34.6648320
0.139600    34.6222080
0.139590    34.5795840
0.139580    34.5372480
0.139560    34.4949120
0.139550    34.4527200
0.139540    34.4106720
0.139530    34.3686240
0.139510    34.3268640
0.139500    34.2851040
0.139490    34.2434880
0.139480    34.2020160
0.139460    34.1606880
0.139450    34.1193600
0.139440    34.0783200
0.139420    34.0372800
0.139410    33.9963840
0.139400    33.9556320
0.139390    33.9150240
0.139380    33.8744160
0.139360    33.8340960
0.139350    33.7937760
0.139340    33.7536000
0.139330    33.7135680
0.139310    33.6736800
0.139300    33.6339360
0.139290    33.5941920
0.139280    33.5545920
0.139260    33.5152800
0.139250    33.4759680
0.139240    33.4366560
0.139230    33.3976320
0.139220    33.3586080
0.139200    33.3198720
0.139190    33.2811360
0.139180    33.2424000
0.139170    33.2039520
0.139150    33.1656480
0.139140    33.1273440
0.139130    33.0891840
0.139120    33.0511680
0.139110    33.0127200
0.139090    32.9728320
0.139080    32.9345280
0.139070    32.8963680
0.139060    32.8583520
0.139050    32.8203360
0.139040    32.7826080
0.139020    32.7448800
0.139010    32.7071520
0.139000    32.6697120
0.138990    32.6322720
0.138980    32.5949760
0.138960    32.5576800
0.138950    32.5206720
0.138940    32.4836640
0.138930    32.4466560
0.138920    32.4099360
0.138910    32.3732160
0.138890    32.3366400
0.138880    32.3002080
0.138870    32.2637760
0.138860    32.2276320
0.138850    32.1913440
0.138840    32.1553440
0.138830    32.1193440
0.138810    32.0834880
0.138800    32.0477760
0.138790    32.0122080
0.138780    31.9766400
0.138770    31.9412160
0.138760    31.9059360
0.138750    31.8706560
0.138730    31.8355200
0.138720    31.8005280
0.138710    31.7656800
0.138700    31.7308320
0.138690    31.6961280
0.138680    31.6615680
0.138670    31.6270080
0.138660    31.5925920
0.138640    31.5583200
0.138630    31.5240480
0.138620    31.4894880
0.138610    31.4537760
0.138600    31.4190720
0.138590    31.3845120
0.138580    31.3500960
0.138570    31.3156800
0.138550    31.2815520
0.138540    31.2472800
0.138530    31.2132960
0.138520    31.1793120
0.138510    31.1454720
0.138500    31.1116320
0.138490    31.0779360
0.138480    31.0443840
0.138470    31.0108320
0.138460    30.9774240
0.138440    30.9441600
0.138430    30.9108960
0.138420    30.8777760
0.138410    30.8448000
0.138400    30.8118240
0.138390    30.7789920
0.138380    30.7461600
0.138370    30.7136160
0.138360    30.6810720
0.138350    30.6485280
0.138340    30.6161280
0.138330    30.5838720
0.138320    30.5516160
0.138300    30.5195040
0.138290    30.4875360
0.138280    30.4555680
0.138270    30.4237440
0.138260    30.3920640
0.138250    30.3603840
0.138240    30.3288480
0.138230    30.2973120
0.138220    30.2659200
0.138210    30.2346720
0.138200    30.2034240
0.138190    30.1723200
0.138180    30.1409280
0.138170    30.1085280
0.138160    30.0768480
0.138140    30.0451680
0.138130    30.0136320
0.138120    29.9822400
0.138110    29.9509920
0.138100    29.9197440
0.138090    29.8886400
0.138080    29.8575360
0.138070    29.8265760
0.138060    29.7957600
0.138050    29.7649440
0.138040    29.7341280
0.138030    29.7036000
0.138020    29.6730720
0.138010    29.6425440
0.138000    29.6121600
0.137990    29.5819200
0.137980    29.5516800
0.137970    29.5215840
0.137960    29.4914880
0.137950    29.4615360
0.137940    29.4317280
0.137930    29.4019200
0.137920    29.3721120
0.137910    29.3425920
0.137900    29.3129280
0.137890    29.2835520
0.137880    29.2541760
0.137870    29.2248000
0.137860    29.1955680
0.137840    29.1664800
0.137830    29.1373920
0.137820    29.1084480
0.137810    29.0795040
0.137800    29.0507040
0.137790    29.0220480
0.137780    28.9933920
0.137770    28.9647360
0.137760    28.9362240
0.137750    28.9074240
0.137740    28.8779040
0.137730    28.8486720
0.137720    28.8195840
0.137710    28.7906400
0.137700    28.7618400
0.137690    28.7330400
0.137680    28.7043840
0.137670    28.6757280
0.137660    28.6472160
0.137650    28.6187040
0.137640    28.5903360
0.137630    28.5619680
0.137620    28.5337440
0.137610    28.5056640
0.137600    28.4774400
0.137590    28.4495040
0.137580    28.4215680
0.137570    28.3936320
0.137560    28.3659840
0.137550    28.3381920
0.137540    28.3105440
0.137530    28.2830400
0.137520    28.2555360
0.137510    28.2281760
0.137500    28.2008160
0.137500    28.1734560
0.137490    28.1463840
0.137480    28.1191680
0.137470    28.0922400
0.137460    28.0651680
0.137450    28.0383840
0.137440    28.0114560
0.137430    27.9848160
0.137420    27.9580320
0.137410    27.9315360
0.137400    27.9048960
0.137390    27.8785440
0.137380    27.8520480
0.137370    27.8258400
0.137360    27.7992000
0.137350    27.7719840
0.137340    27.7449120
0.137330    27.7179840
0.137320    27.6912000
0.137310    27.6644160
0.137300    27.6377760
0.137290    27.6112800
0.137280    27.5847840
0.137270    27.5582880
0.137260    27.5319360
0.137250    27.5055840
0.137240    27.4793760
0.137230    27.4533120
0.137220    27.4272480
0.137210    27.4011840
0.137200    27.3752640
0.137190    27.3493440
0.137190    27.3235680
0.137180    27.2977920
0.137170    27.2721600
0.137160    27.2465280
0.137150    27.2210400
0.137140    27.1955520
0.137130    27.1702080
0.137120    27.1448640
0.137110    27.1195200
0.137100    27.0943200
0.137090    27.0692640
0.137080    27.0442080
0.137070    27.0191520
0.137060    26.9942400
0.137050    26.9693280
0.137040    26.9445600
0.137030    26.9197920
0.137020    26.8951680
0.137020    26.8705440
0.137010    26.8460640
0.137000    26.8215840
0.136990    26.7969600
0.136980    26.7719040
0.136970    26.7465600
0.136960    26.7215040
0.136950    26.6965920
0.136940    26.6716800
0.136930    26.6467680
0.136920    26.6220000
0.136910    26.5973760
0.136900    26.5727520
0.136890    26.5481280
0.136880    26.5236480
0.136870    26.4991680
0.136870    26.4748320
0.136860    26.4504960
0.136850    26.4263040
0.136840    26.4021120
0.136830    26.3779200
0.136820    26.3538720
0.136810    26.3299680
0.136800    26.3060640
0.136790    26.2821600
0.136780    26.2584000
0.136770    26.2346400
0.136760    26.2108800
0.136750    26.1872640
0.136740    26.1636480
0.136740    26.1401760
0.136730    26.1168480
0.136720    26.0933760
0.136710    26.0700480
0.136700    26.0468640
0.136690    26.0236800
0.136680    26.0004960
0.136670    25.9774560
0.136660    25.9544160
0.136650    25.9313760
0.136640    25.9084800
0.136640    25.8855840
0.136630    25.8628320
0.136620    25.8397920
0.136610    25.8163200
0.136600    25.7928480
0.136590    25.7693760
0.136580    25.7461920
0.136570    25.7228640
0.136560    25.6998240
0.136550    25.6766400
0.136540    25.6536000
0.136530    25.6307040
0.136530    25.6078080
0.136520    25.5849120
0.136510    25.5621600
0.136500    25.5394080
0.136490    25.5168000
0.136480    25.4941920
0.136470    25.4715840
0.136460    25.4491200
0.136450    25.4266560
0.136440    25.4043360
0.136430    25.3820160
0.136430    25.3596960
0.136420    25.3375200
0.136410    25.3153440
0.136400    25.2933120
0.136390    25.2712800
0.136380    25.2492480
0.136370    25.2273600
0.136360    25.2054720
0.136350    25.1835840
0.136340    25.1616960
0.136340    25.1399520
0.136330    25.1183520
0.136320    25.0967520
0.136310    25.0752960
0.136300    25.0538400
0.136290    25.0325280
0.136280    25.0110720
0.136270    24.9899040
0.136260    24.9685920
0.136260    24.9468480
0.136250    24.9249600
0.136240    24.9030720
0.136230    24.8811840
0.136220    24.8594400
0.136210    24.8378400
0.136200    24.8162400
0.136190    24.7946400
0.136180    24.7731840
0.136180    24.7517280
0.136170    24.7304160
0.136160    24.7091040
0.136150    24.6877920
0.136140    24.6666240
0.136130    24.6454560
0.136120    24.6244320
0.136110    24.6032640
0.136100    24.5823840
0.136100    24.5613600
0.136090    24.5404800
0.136080    24.5196000
0.136070    24.4988640
0.136060    24.4779840
0.136050    24.4573920
0.136040    24.4366560
0.136030    24.4160640
0.136020    24.3954720
0.136020    24.3750240
0.136010    24.3545760
0.136000    24.3341280
0.135990    24.3138240
0.135980    24.2935200
0.135970    24.2732160
0.135960    24.2530560
0.135950    24.2328960
0.135950    24.2127360
0.135940    24.1927200
0.135930    24.1727040
0.135920    24.1526880
0.135910    24.1325280
0.135900    24.1119360
0.135890    24.0913440
0.135880    24.0707520
0.135880    24.0503040
0.135870    24.0300000
0.135860    24.0096960
0.135850    23.9893920
0.135840    23.9692320
0.135830    23.9490720
0.135820    23.9289120
0.135810    23.9088960
0.135800    23.8888800
0.135800    23.8690080
0.135790    23.8491360
0.135780    23.8292640
0.135770    23.8093920
0.135760    23.7896640
0.135750    23.7699360
0.135740    23.7503520
0.135730    23.7306240
0.135730    23.7111840
0.135720    23.6916000
0.135710    23.6721600
0.135700    23.6527200
0.135690    23.6332800
0.135680    23.6139840
0.135670    23.5946880
0.135660    23.5753920
0.135660    23.5562400
0.135650    23.5370880
0.135640    23.5179360
0.135630    23.4989280
0.135620    23.4797760
0.135610    23.4609120
0.135600    23.4419040
0.135600    23.4230400
0.135590    23.4041760
0.135580    23.3853120
0.135570    23.3665920
0.135560    23.3477280
0.135550    23.3282880
0.135540    23.3089920
0.135530    23.2896960
0.135520    23.2705440
0.135520    23.2513920
0.135510    23.2322400
0.135500    23.2132320
0.135490    23.1942240
0.135480    23.1753600
0.135470    23.1564960
0.135460    23.1376320
0.135450    23.1187680
0.135450    23.1000480
0.135440    23.0813280
0.135430    23.0627520
0.135420    23.0441760
0.135410    23.0256000
0.135400    23.0070240
0.135390    22.9885920
0.135380    22.9701600
0.135380    22.9517280
0.135370    22.9332960
0.135360    22.9150080
0.135350    22.8967200
0.135340    22.8785760
0.135330    22.8602880
0.135320    22.8421440
0.135320    22.8241440
0.135310    22.8060000
0.135300    22.7880000
0.135290    22.7700000
0.135280    22.7521440
0.135270    22.7341440
0.135260    22.7162880
0.135250    22.6984320
0.135250    22.6807200
0.135240    22.6630080
0.135230    22.6452960
0.135220    22.6274400
0.135210    22.6091520
0.135200    22.5908640
0.135190    22.5725760
0.135180    22.5544320
0.135180    22.5364320
0.135170    22.5184320
0.135160    22.5004320
0.135150    22.4824320
0.135140    22.4645760
0.135130    22.4468640
0.135120    22.4290080
0.135110    22.4112960
0.135110    22.3935840
0.135100    22.3760160
0.135090    22.3583040
0.135080    22.3407360
0.135070    22.3233120
0.135060    22.3057440
0.135050    22.2883200
0.135040    22.2708960
0.135040    22.2534720
0.135030    22.2361920
0.135020    22.2189120
0.135010    22.2016320
0.135000    22.1844960
0.134990    22.1672160
0.134980    22.1500800
0.134970    22.1330880
0.134970    22.1159520
0.134960    22.0989600
0.134950    22.0819680
0.134940    22.0649760
0.134930    22.0479840
0.134920    22.0311360
0.134910    22.0142880
0.134900    21.9974400
0.134900    21.9807360
0.134890    21.9640320
0.134880    21.9473280
0.134870    21.9306240
0.134860    21.9137760
0.134850    21.8966400
0.134840    21.8793600
0.134830    21.8622240
0.134830    21.8452320
0.134820    21.8282400
0.134810    21.8112480
0.134800    21.7944000
0.134790    21.7774080
0.134780    21.7607040
0.134770    21.7438560
0.134760    21.7271520
0.134750    21.7104480
0.134750    21.6937440
0.134740    21.6771840
0.134730    21.6606240
0.134720    21.6440640
0.134710    21.6275040
0.134700    21.6110880
0.134690    21.5945280
0.134680    21.5781120
0.134670    21.5618400
0.134670    21.5454240
0.134660    21.5291520
0.134650    21.5128800
0.134640    21.4967520
0.134630    21.4804800
0.134620    21.4643520
0.134610    21.4482240
0.134600    21.4320960
0.134600    21.4161120
0.134590    21.3999840
0.134580    21.3840000
0.134570    21.3680160
0.134560    21.3521760
0.134550    21.3361920
0.134540    21.3203520
0.134530    21.3045120
0.134530    21.2886720
0.134520    21.2729760
0.134510    21.2572800
0.134500    21.2412960
0.134490    21.2251680
0.134480    21.2088960
0.134470    21.1927680
0.134460    21.1766400
0.134450    21.1605120
0.134440    21.1445280
0.134440    21.1285440
0.134430    21.1125600
0.134420    21.0967200
0.134410    21.0808800
0.134400    21.0650400
0.134390    21.0493440
0.134380    21.0335040
0.134370    21.0178080
0.134360    21.0022560
0.134350    20.9865600
0.134350    20.9710080
0.134340    20.9554560
0.134330    20.9399040
0.134320    20.9243520
0.134310    20.9089440
0.134300    20.8935360
0.134290    20.8781280
0.134280    20.8627200
0.134270    20.8474560
0.134270    20.8320480
0.134260    20.8167840
0.134250    20.8015200
0.134240    20.7864000
0.134230    20.7711360
0.134220    20.7560160
0.134210    20.7408960
0.134200    20.7257760
0.134190    20.7106560
0.134180    20.6956800
0.134180    20.6807040
0.134170    20.6657280
0.134160    20.6507520
0.134150    20.6357760
0.134140    20.6209440
0.134130    20.6061120
0.134120    20.5912800
0.134110    20.5761600
0.134100    20.5610400
0.134090    20.5456320
0.134080    20.5303680
0.134080    20.5152480
0.134070    20.5001280
0.134060    20.4850080
0.134050    20.4700320
0.134040    20.4549120
0.134030    20.4399360
0.134020    20.4251040
0.134010    20.4101280
0.134000    20.3952960
0.133990    20.3804640
0.133980    20.3656320
0.133970    20.3509440
0.133960    20.3361120
0.133960    20.3214240
0.133950    20.3067360
0.133940    20.2920480
0.133930    20.2775040
0.133920    20.2629600
0.133910    20.2484160
0.133900    20.2338720
0.133890    20.2193280
0.133880    20.2047840
0.133870    20.1903840
0.133860    20.1759840
0.133850    20.1615840
0.133850    20.1471840
0.133840    20.1329280
0.133830    20.1185280
0.133820    20.1042720
0.133810    20.0900160
0.133800    20.0757600
0.133790    20.0615040
0.133780    20.0473920
0.133770    20.0332800
0.133760    20.0190240
0.133750    20.0050560
0.133740    19.9909440
0.133730    19.9768320
0.133730    19.9628640
0.133720    19.9487520
0.133710    19.9343520
0.133700    19.9198080
0.133690    19.9054080
0.133680    19.8910080
0.133670    19.8766080
0.133660    19.8623520
0.133650    19.8482400
0.133640    19.8339840
0.133630    19.8198720
0.133620    19.8057600
0.133610    19.7916480
0.133600    19.7775360
0.133590    19.7635680
0.133580    19.7496000
0.133570    19.7356320
0.133560    19.7216640
0.133550    19.7076960
0.133540    19.6938720
0.133530    19.6800480
0.133530    19.6660800
0.133520    19.6524000
0.133510    19.6385760
0.133500    19.6247520
0.133490    19.6110720
0.133480    19.5973920
0.133470    19.5837120
0.133460    19.5700320
0.133450    19.5564960
0.133440    19.5428160
0.133430    19.5292800
0.133420    19.5157440
0.133410    19.5022080
0.133400    19.4886720
0.133390    19.4751360
0.133380    19.4617440
0.133370    19.4483520
0.133360    19.4348160
0.133350    19.4214240
0.133340    19.4081760
0.133330    19.3947840
0.133320    19.3813920
0.133320    19.3681440
0.133310    19.3548960
0.133300    19.3416480
0.133290    19.3284000
0.133280    19.3150080
0.133270    19.3014720
0.133260    19.2877920
0.133250    19.2742560
0.133240    19.2607200
0.133230    19.2471840
0.133220    19.2337920
0.133210    19.2204000
0.133200    19.2070080
0.133190    19.1936160
0.133180    19.1803680
0.133170    19.1671200
0.133160    19.1537280
0.133150    19.1406240
0.133140    19.1273760
0.133130    19.1141280
0.133120    19.1010240
0.133110    19.0879200
0.133100    19.0748160
0.133090    19.0617120
0.133080    19.0486080
0.133070    19.0356480
0.133060    19.0225440
0.133050    19.0095840
0.133040    18.9966240
0.133030    18.9836640
0.133020    18.9708480
0.133010    18.9578880
0.133000    18.9450720
0.132990    18.9321120
0.132980    18.9192960
0.132970    18.9064800
0.132960    18.8938080
0.132950    18.8809920
0.132940    18.8681760
0.132930    18.8555040
0.132920    18.8428320
0.132910    18.8300160
0.132900    18.8174880
0.132890    18.8048160
0.132880    18.7921440
0.132870    18.7794720
0.132860    18.7669440
0.132850    18.7544160
0.132840    18.7417440
0.132830    18.7292160
0.132820    18.7166880
0.132810    18.7043040
0.132800    18.6916320
0.132780    18.6789600
0.132770    18.6661440
0.132760    18.6533280
0.132750    18.6405120
0.132740    18.6278400
0.132730    18.6151680
0.132720    18.6024960
0.132710    18.5898240
0.132700    18.5772960
0.132690    18.5646240
0.132680    18.5520960
0.132670    18.5395680
0.132660    18.5270400
0.132650    18.5146560
0.132640    18.5021280
0.132630    18.4897440
0.132620    18.4773600
0.132610    18.4649760
0.132590    18.4525920
0.132580    18.4402080
0.132570    18.4279680
0.132560    18.4155840
0.132550    18.4033440
0.132540    18.3911040
0.132530    18.3788640
0.132520    18.3666240
0.132510    18.3543840
0.132500    18.3421440
0.132490    18.3300480
0.132480    18.3178080
0.132470    18.3057120
0.132460    18.2936160
0.132450    18.2815200
0.132430    18.2694240
0.132420    18.2573280
0.132410    18.2453760
0.132400    18.2332800
0.132390    18.2213280
0.132380    18.2092320
0.132370    18.1972800
0.132360    18.1853280
0.132350    18.1733760
0.132340    18.1614240
0.132330    18.1496160
0.132320    18.1376640
0.132300    18.1257120
0.132290    18.1139040
0.132280    18.1020960
0.132270    18.0901440
0.132260    18.0783360
0.132250    18.0665280
0.132240    18.0545760
0.132230    18.0424800
0.132220    18.0303840
0.132200    18.0184320
0.132190    18.0063360
0.132180    17.9943840
0.132170    17.9824320
0.132160    17.9704800
0.132150    17.9585280
0.132140    17.9467200
0.132120    17.9347680
0.132110    17.9229600
0.132100    17.9111520
0.132090    17.8993440
0.132080    17.8875360
0.132070    17.8758720
0.132060    17.8640640
0.132040    17.8524000
0.132030    17.8405920
0.132020    17.8289280
0.132010    17.8172640
0.132000    17.8056000
0.131990    17.7939360
0.131980    17.7824160
0.131960    17.7707520
0.131950    17.7592320
0.131940    17.7475680
0.131930    17.7360480
0.131920    17.7245280
0.131910    17.7130080
0.131890    17.7014880
0.131880    17.6899680
0.131870    17.6784480
0.131860    17.6670720
0.131850    17.6555520
0.131840    17.6441760
0.131820    17.6328000
0.131810    17.6212800
0.131800    17.6099040
0.131790    17.5985280
0.131780    17.5871520
0.131760    17.5757760
0.131750    17.5645440
0.131740    17.5531680
0.131730    17.5417920
0.131720    17.5305600
0.131710    17.5193280
0.131690    17.5079520
0.131680    17.4967200
0.131670    17.4854880
0.131660    17.4742560
0.131650    17.4630240
0.131630    17.4517920
0.131620    17.4405600
0.131610    17.4294720
0.131600    17.4182400
0.131580    17.4068640
0.131570    17.3954880
0.131560    17.3841120
0.131550    17.3727360
0.131530    17.3613600
0.131520    17.3501280
0.131510    17.3387520
0.131500    17.3275200
0.131480    17.3162880
0.131470    17.3050560
0.131460    17.2938240
0.131450    17.2827360
0.131430    17.2715040
0.131420    17.2604160
0.131410    17.2491840
0.131400    17.2380960
0.131380    17.2270080
0.131370    17.2159200
0.131360    17.2048320
0.131340    17.1937440
0.131330    17.1826560
0.131320    17.1717120
0.131310    17.1606240
0.131290    17.1496800
0.131280    17.1385920
0.131270    17.1276480
0.131250    17.1167040
0.131240    17.1057600
0.131230    17.0948160
0.131220    17.0838720
0.131200    17.0729280
0.131190    17.0621280
0.131180    17.0511840
0.131160    17.0402400
0.131150    17.0294400
0.131140    17.0186400
0.131120    17.0076960
0.131110    16.9968960
0.131100    16.9860960
0.131080    16.9752960
0.131070    16.9644960
0.131060    16.9536960
0.131040    16.9430400
0.131030    16.9322400
0.131020    16.9214400
0.131000    16.9107840
0.130990    16.8999840
0.130980    16.8893280
0.130960    16.8786720
0.130950    16.8678720
0.130940    16.8572160
0.130920    16.8465600
0.130910    16.8359040
0.130900    16.8252480
0.130880    16.8145920
0.130870    16.8040800
0.130850    16.7934240
0.130840    16.7827680
0.130830    16.7722560
0.130810    16.7616000
0.130800    16.7510880
0.130790    16.7404320
0.130770    16.7297760
0.130760    16.7191200
0.130740    16.7083200
0.130730    16.6976640
0.130710    16.6870080
0.130700    16.6763520
0.130690    16.6656960
0.130670    16.6551840
0.130660    16.6445280
0.130640    16.6338720
0.130630    16.6233600
0.130610    16.6128480
0.130600    16.6023360
0.130580    16.5918240
0.130570    16.5813120
0.130560    16.5708000
0.130540    16.5604320
0.130530    16.5499200
0.130510    16.5395520
0.130500    16.5290400
0.130480    16.5186720
0.130470    16.5083040
0.130450    16.4979360
0.130440    16.4875680
0.130420    16.4773440
0.130410    16.4669760
0.130390    16.4567520
0.130380    16.4463840
0.130370    16.4361600
0.130350    16.4259360
0.130340    16.4157120
0.130320    16.4054880
0.130310    16.3952640
0.130290    16.3850400
0.130280    16.3749600
0.130260    16.3647360
0.130250    16.3546560
0.130230    16.3445760
0.130220    16.3343520
0.130200    16.3242720
0.130190    16.3143360
0.130170    16.3042560
0.130150    16.2941760
0.130140    16.2842400
0.130120    16.2741600
0.130110    16.2642240
0.130090    16.2542880
0.130080    16.2442080
0.130060    16.2342720
0.130050    16.2244800
0.130030    16.2145440
0.130020    16.2046080
0.130000    16.1948160
0.129990    16.1848800
0.129970    16.1750880
0.129950    16.1652960
0.129940    16.1555040
0.129920    16.1457120
0.129910    16.1359200
0.129890    16.1262720
0.129880    16.1164800
0.129860    16.1068320
0.129850    16.0970400
0.129830    16.0873920
0.129810    16.0777440
0.129800    16.0680960
0.129780    16.0585920
0.129770    16.0489440
0.129750    16.0392960
0.129730    16.0297920
0.129720    16.0202880
0.129700    16.0106400
0.129690    16.0011360
0.129670    15.9916320
0.129650    15.9822720
0.129640    15.9727680
0.129620    15.9632640
0.129610    15.9539040
0.129590    15.9444000
0.129570    15.9350400
0.129560    15.9255360
0.129540    15.9160320
0.129530    15.9066720
0.129510    15.8973120
0.129490    15.8879520
0.129480    15.8785920
0.129460    15.8692320
0.129440    15.8598720
0.129430    15.8506560
0.129410    15.8412960
0.129390    15.8320800
0.129380    15.8228640
0.129360    15.8136480
0.129340    15.8044320
0.129330    15.7953600
0.129310    15.7861440
0.129290    15.7770720
0.129280    15.7678560
0.129260    15.7587840
0.129240    15.7497120
0.129230    15.7406400
0.129210    15.7317120
0.129190    15.7226400
0.129180    15.7137120
0.129160    15.7046400
0.129140    15.6957120
0.129130    15.6867840
0.129110    15.6778560
0.129090    15.6689280
0.129080    15.6601440
0.129060    15.6512160
0.129040    15.6424320
0.129030    15.6335040
0.129010    15.6247200
0.128990    15.6159360
0.128980    15.6071520
0.128960    15.5983680
0.128940    15.5897280
0.128920    15.5809440
0.128910    15.5723040
0.128890    15.5635200
0.128870    15.5548800
0.128860    15.5462400
0.128840    15.5376000
0.128820    15.5289600
0.128800    15.5204640
0.128790    15.5118240
0.128770    15.5033280
0.128750    15.4946880
0.128730    15.4861920
0.128720    15.4776960
0.128700    15.4692000
0.128680    15.4607040
0.128670    15.4523520
0.128650    15.4438560
0.128630    15.4355040
0.128610    15.4270080
0.128600    15.4186560
0.128580    15.4103040
0.128560    15.4019520
0.128540    15.3936000
0.128520    15.3852480
0.128510    15.3770400
0.128490    15.3688320
0.128470    15.3604800
0.128450    15.3522720
0.128440    15.3440640
0.128420    15.3358560
0.128400    15.3277920
0.128380    15.3195840
0.128370    15.3113760
0.128350    15.3033120
0.128330    15.2952480
0.128310    15.2871840
0.128290    15.2791200
0.128280    15.2712000
0.128260    15.2631360
0.128240    15.2552160
0.128220    15.2471520
0.128210    15.2392320
0.128190    15.2313120
0.128170    15.2235360
0.128150    15.2156160
0.128130    15.2078400
0.128120    15.2000640
0.128100    15.1922880
0.128080    15.1845120
0.128060    15.1767360
0.128040    15.1691040
0.128030    15.1614720
0.128010    15.1536960
0.127990    15.1460640
0.127970    15.1385760
0.127960    15.1309440
0.127940    15.1234560
0.127920    15.1158240
0.127900    15.1083360
0.127880    15.1008480
0.127870    15.0933600
0.127850    15.0860160
0.127830    15.0785280
0.127810    15.0711840
0.127790    15.0638400
0.127780    15.0564960
0.127760    15.0491520
0.127740    15.0419520
0.127720    15.0346080
0.127700    15.0274080
0.127690    15.0202080
0.127670    15.0130080
0.127650    15.0058080
0.127630    14.9986080
0.127610    14.9914080
0.127600    14.9843520
0.127580    14.9772960
0.127560    14.9702400
0.127540    14.9631840
0.127530    14.9561280
0.127510    14.9490720
0.127490    14.9421600
0.127470    14.9352480
0.127450    14.9281920
0.127440    14.9212800
0.127420    14.9145120
0.127400    14.9076000
0.127380    14.9006880
0.127360    14.8939200
0.127350    14.8871520
0.127330    14.8803840
0.127310    14.8736160
0.127290    14.8668480
0.127270    14.8600800
0.127260    14.8534560
0.127240    14.8466880
0.127220    14.8400640
0.127200    14.8334400
0.127180    14.8268160
0.127170    14.8201920
0.127150    14.8137120
0.127130    14.8070880
0.127110    14.8006080
0.127090    14.7941280
0.127080    14.7876480
0.127060    14.7811680
0.127040    14.7746880
0.127020    14.7682080
0.127000    14.7618720
0.126990    14.7553920
0.126970    14.7490560
0.126950    14.7427200
0.126930    14.7363840
0.126910    14.7300480
0.126900    14.7237120
0.126880    14.7175200
0.126860    14.7111840
0.126840    14.7049920
0.126820    14.6988000
0.126810    14.6926080
0.126790    14.6864160
0.126770    14.6802240
0.126750    14.6741760
0.126730    14.6679840
0.126720    14.6619360
0.126700    14.6557440
0.126680    14.6496960
0.126660    14.6436480
0.126640    14.6376000
0.126620    14.6315520
0.126610    14.6255040
0.126590    14.6194560
0.126570    14.6135520
0.126550    14.6075040
0.126530    14.6016000
0.126520    14.5955520
0.126500    14.5896480
0.126480    14.5837440
0.126460    14.5778400
0.126440    14.5719360
0.126420    14.5660320
0.126410    14.5602720
0.126390    14.5543680
0.126370    14.5486080
0.126350    14.5427040
0.126330    14.5369440
0.126310    14.5311840
0.126300    14.5254240
0.126280    14.5196640
0.126260    14.5139040
0.126240    14.5081440
0.126220    14.5023840
0.126200    14.4967680
0.126190    14.4910080
0.126170    14.4853920
0.126150    14.4797760
0.126130    14.4741600
0.126110    14.4684000
0.126090    14.4627840
0.126070    14.4573120
0.126060    14.4516960
0.126040    14.4460800
0.126020    14.4404640
0.126000    14.4349920
0.125980    14.4293760
0.125960    14.4239040
0.125940    14.4184320
0.125920    14.4129600
0.125910    14.4074880
0.125890    14.4020160
0.125870    14.3965152
0.125850    14.3910720
0.125830    14.3856432
0.125810    14.3802288
0.125790    14.3748144
0.125770    14.3694288
0.125760    14.3640432
0.125740    14.3586720
0.125720    14.3533152
0.125700    14.3479728
0.125680    14.3426304
0.125660    14.3372880
0.125640    14.3319600
0.125620    14.3266464
0.125600    14.3213328
0.125580    14.3160192
0.125560    14.3107344
0.125550    14.3054496
0.125530    14.3001792
0.125510    14.2949088
0.125490    14.2896528
0.125470    14.2844112
0.125450    14.2791840
0.125430    14.2739712
0.125410    14.2687584
0.125390    14.2635600
0.125370    14.2583760
0.125350    14.2531920
0.125330    14.2480368
0.125310    14.2428816
0.125290    14.2377408
0.125270    14.2326000
0.125250    14.2274880
0.125230    14.2223760
0.125210    14.2172784
0.125190    14.2121808
0.125170    14.2071120
0.125150    14.2020432
0.125130    14.1969744
0.125110    14.1919344
0.125090    14.1868944
0.125070    14.1818832
0.125050    14.1768576
0.125030    14.1718608
0.125010    14.1668640
0.124990    14.1618816
0.124970    14.1569136
0.124950    14.1519456
0.124930    14.1470064
0.124910    14.1420672
0.124890    14.1371280
0.124870    14.1322176
0.124850    14.1273072
0.124830    14.1224112
0.124810    14.1175152
0.124790    14.1126336
0.124770    14.1077664
0.124750    14.1029136
0.124730    14.0980752
0.124710    14.0932368
0.124690    14.0884128
0.124670    14.0835888
0.124650    14.0787792
0.124630    14.0739840
0.124610    14.0692032
0.124580    14.0644224
0.124560    14.0596560
0.124540    14.0549040
0.124520    14.0501664
0.124500    14.0454288
0.124480    14.0407056
0.124460    14.0359824
0.124440    14.0312880
0.124420    14.0265936
0.124400    14.0218992
0.124370    14.0172336
0.124350    14.0125680
0.124330    14.0079168
0.124310    14.0032656
0.124290    13.9986288
0.124270    13.9940064
0.124250    13.9893984
0.124230    13.9847904
0.124200    13.9801968
0.124180    13.9756176
0.124160    13.9710384
0.124140    13.9664736
0.124120    13.9619232
0.124100    13.9573872
0.124080    13.9528512
0.124050    13.9483296
0.124030    13.9438080
0.124010    13.9393008
0.123990    13.9348080
0.123970    13.9303296
0.123940    13.9258512
0.123920    13.9213872
0.123900    13.9169376
0.123880    13.9125024
0.123860    13.9080672
0.123830    13.9036464
0.123810    13.8992256
0.123790    13.8948192
0.123770    13.8904272
0.123750    13.8860496
0.123720    13.8816720
0.123700    13.8773088
0.123680    13.8729600
0.123660    13.8686112
0.123630    13.8642768
0.123610    13.8599568
0.123590    13.8556512
0.123570    13.8513456
0.123540    13.8470544
0.123520    13.8427632
0.123500    13.8385008
0.123470    13.8342384
0.123450    13.8299760
0.123430    13.8257424
0.123410    13.8215088
0.123380    13.8172896
0.123360    13.8130704
0.123340    13.8088800
0.123310    13.8046896
0.123290    13.8004992
0.123270    13.7963376
0.123240    13.7921760
0.123220    13.7880144
0.123200    13.7838816
0.123170    13.7797488
0.123150    13.7756304
0.123130    13.7715120
0.123100    13.7674224
0.123080    13.7633328
0.123060    13.7592576
0.123030    13.7551824
0.123010    13.7511216
0.122990    13.7470752
0.122960    13.7430432
0.122940    13.7390112
0.122910    13.7349936
0.122890    13.7309904
0.122870    13.7269872
0.122840    13.7229984
0.122820    13.7190240
0.122790    13.7150640
0.122770    13.7111040
0.122750    13.7071584
0.122720    13.7032272
0.122700    13.6992960
0.122670    13.6953936
0.122650    13.6914912
0.122620    13.6875888
0.122600    13.6837152
0.122570    13.6798416
0.122550    13.6759824
0.122530    13.6721232
0.122500    13.6682928
0.122480    13.6644624
0.122450    13.6606464
0.122430    13.6568304
0.122400    13.6530288
0.122380    13.6492416
0.122350    13.6454688
0.122330    13.6417104
0.122300    13.6379520
0.122280    13.6342080
0.122250    13.6304784
0.122230    13.6267488
0.122200    13.6230336
0.122180    13.6193328
0.122150    13.6156464
0.122120    13.6119600
0.122100    13.6082880
0.122070    13.6046304
0.122050    13.6009872
0.122020    13.5973440
0.122000    13.5937296
0.121970    13.5901152
0.121940    13.5865008
0.121920    13.5829152
0.121890    13.5793296
0.121870    13.5757584
0.121840    13.5722016
0.121820    13.5686448
0.121790    13.5651024
0.121760    13.5615744
0.121740    13.5580608
0.121710    13.5545616
0.121680    13.5510624
0.121660    13.5475776
0.121630    13.5441072
0.121610    13.5406512
0.121580    13.5371952
0.121550    13.5337536
0.121530    13.5303264
0.121500    13.5269136
0.121470    13.5235008
0.121450    13.5201168
0.121420    13.5167328
0.121390    13.5133632
0.121360    13.5099936
0.121340    13.5066528
0.121310    13.5033120
0.121280    13.4999856
0.121260    13.4966736
0.121230    13.4933616
0.121200    13.4900784
0.121180    13.4867952
0.121150    13.4835264
0.121120    13.4802720
0.121090    13.4770176
0.121070    13.4737776
0.121040    13.4705664
0.121010    13.4673552
0.120980    13.4641440
0.120960    13.4609616
0.120930    13.4577792
0.120900    13.4546112
0.120870    13.4514576
0.120840    13.4483184
0.120820    13.4451936
0.120790    13.4420688
0.120760    13.4389728
0.120730    13.4358768
0.120700    13.4327952
0.120680    13.4297136
0.120650    13.4266608
0.120620    13.4236080
0.120590    13.4205696
0.120560    13.4175456
0.120530    13.4145360
0.120510    13.4115408
0.120480    13.4085600
0.120450    13.4055792
0.120420    13.4026128
0.120390    13.3996752
0.120360    13.3967376
0.120330    13.3938000
0.120300    13.3908912
0.120280    13.3879968
0.120250    13.3851024
0.120220    13.3822368
0.120190    13.3793712
0.120160    13.3765200
0.120130    13.3736832
0.120100    13.3708608
0.120070    13.3680528
0.120040    13.3652592
0.120010    13.3624656
0.119980    13.3597008
0.119960    13.3569360
0.119930    13.3541856
0.119900    13.3514640
0.119870    13.3487424
0.119840    13.3460352
0.119810    13.3433280
0.119780    13.3406496
0.119750    13.3379712
0.119720    13.3353216
0.119690    13.3326720
0.119660    13.3300368
0.119630    13.3274016
0.119600    13.3247952
0.119570    13.3221888
0.119540    13.3196544
0.119510    13.3171056
0.119480    13.3145712
0.119450    13.3120656
0.119420    13.3095600
0.119390    13.3070688
0.119360    13.3045920
0.119330    13.3021296
0.119300    13.2996672
0.119270    13.2972192
0.119240    13.2948000
0.119210    13.2923664
0.119180    13.2899616
0.119150    13.2875712
0.119120    13.2851808
0.119090    13.2828192
0.119060    13.2804576
0.119020    13.2781104
0.118990    13.2757776
0.118960    13.2734592
0.118930    13.2711408
0.118900    13.2688512
0.118870    13.2665616
0.118840    13.2642864
0.118810    13.2620256
0.118780    13.2597792
0.118740    13.2575472
0.118710    13.2553296
0.118680    13.2531120
0.118650    13.2509088
0.118620    13.2487344
0.118590    13.2465600
0.118560    13.2444000
0.118520    13.2422544
0.118490    13.2401088
0.118460    13.2379920
0.118430    13.2358752
0.118400    13.2337872
0.118360    13.2316992
0.118330    13.2296256
0.118300    13.2275664
0.118270    13.2255216
0.118230    13.2234912
0.118200    13.2214608
0.118170    13.2194592
0.118140    13.2174576
0.118100    13.2154848
0.118070    13.2135120
0.118040    13.2115536
0.118010    13.2096096
0.117970    13.2076800
0.117940    13.2057648
0.117910    13.2038640
0.117870    13.2019632
0.117840    13.2000912
0.117810    13.1982192
0.117770    13.1963760
0.117740    13.1945328
0.117710    13.1927040
0.117670    13.1908896
0.117640    13.1890896
0.117610    13.1873040
0.117570    13.1855328
0.117540    13.1837616
0.117510    13.1820192
0.117470    13.1802768
0.117440    13.1785632
0.117400    13.1768496
0.117370    13.1751504
0.117340    13.1734800
0.117300    13.1718096
0.117270    13.1701536
0.117230    13.1685120
0.117200    13.1668848
0.117160    13.1652576
0.117130    13.1636592
0.117100    13.1620752
0.117060    13.1604912
0.117030    13.1589360
0.116990    13.1573808
0.116960    13.1558544
0.116920    13.1543280
0.116890    13.1528160
0.116850    13.1513184
0.116820    13.1498352
0.116780    13.1483664
0.116750    13.1469120
0.116710    13.1454720
0.116680    13.1440464
0.116640    13.1426208
0.116610    13.1412240
0.116570    13.1398416
0.116540    13.1384592
0.116500    13.1370912
0.116470    13.1357520
0.116430    13.1344128
0.116390    13.1330880
0.116360    13.1317776
0.116320    13.1304816
0.116290    13.1292000
0.116250    13.1279328
0.116220    13.1266800
0.116180    13.1254416
0.116140    13.1242176
0.116110    13.1230080
0.116070    13.1217984
0.116040    13.1206176
0.116000    13.1194368
0.115960    13.1182848
0.115930    13.1171328
0.115890    13.1159952
0.115850    13.1148720
0.115820    13.1137632
0.115780    13.1126832
0.115740    13.1116032
0.115710    13.1105232
0.115670    13.1094720
0.115630    13.1084352
0.115600    13.1074128
0.115560    13.1064048
0.115520    13.1053968
0.115490    13.1044176
0.115450    13.1034384
0.115410    13.1024880
0.115380    13.1015376
0.115340    13.1006016
0.115300    13.0996656
0.115260    13.0987584
0.115230    13.0978656
0.115190    13.0969872
0.115150    13.0961088
0.115110    13.0952592
0.115080    13.0944096
0.115040    13.0935888
0.115000    13.0927680
0.114960    13.0919760
0.114930    13.0911840
0.114890    13.0904064
0.114850    13.0896432
0.114810    13.0888944
0.114770    13.0881600
0.114740    13.0874400
0.114700    13.0867344
0.114660    13.0860432
0.114620    13.0853664
0.114580    13.0846896
0.114540    13.0840416
0.114510    13.0834080
0.114470    13.0827744
0.114430    13.0821552
0.114390    13.0815648
0.114350    13.0809744
0.114310    13.0803984
0.114280    13.0798368
0.114240    13.0792896
0.114200    13.0787568
0.114160    13.0782384
0.114120    13.0777344
0.114080    13.0772448
0.114040    13.0767696
0.114000    13.0762944
0.113970    13.0758480
0.113930    13.0754016
0.113890    13.0749840
0.113850    13.0745664
0.113810    13.0741632
0.113770    13.0737744
0.113730    13.0734000
0.113690    13.0730400
0.113650    13.0726944
0.113610    13.0723632
0.113570    13.0720464
0.113530    13.0717440
0.113490    13.0714416
0.113460    13.0711680
0.113420    13.0708944
0.113380    13.0706352
0.113340    13.0703904
0.113300    13.0701744
0.113260    13.0699584
0.113220    13.0697424
0.113180    13.0695552
0.113140    13.0693824
0.113100    13.0692240
0.113060    13.0690656
0.113020    13.0689360
0.112980    13.0688064
0.112940    13.0686912
0.112900    13.0685904
0.112860    13.0685040
0.112820    13.0684320
0.112780    13.0683744
0.112740    13.0683312
0.112700    13.0682880
0.112660    13.0682736
0.112620    13.0682592
0.112580    13.0682592
0.112540    13.0682736
0.112500    13.0683024
0.112460    13.0683456
0.112420    13.0684032
0.112380    13.0684608
0.112340    13.0685472
0.112290    13.0686336
0.112250    13.0687344
0.112210    13.0688496
0.112170    13.0689792
0.112130    13.0691232
0.112090    13.0692816
0.112050    13.0694400
0.112010    13.0696272
0.111970    13.0698144
0.111930    13.0700160
0.111890    13.0702320
0.111850    13.0704624
0.111810    13.0707072
0.111770    13.0709520
0.111720    13.0712256
0.111680    13.0714992
0.111640    13.0717872
0.111600    13.0720896
0.111560    13.0724064
0.111520    13.0727376
0.111480    13.0730688
0.111440    13.0734144
0.111400    13.0737744
0.111350    13.0741488
0.111310    13.0745376
0.111270    13.0749408
0.111230    13.0753440
0.111190    13.0757760
0.111150    13.0762080
0.111110    13.0766544
0.111070    13.0771152
0.111020    13.0775760
0.110980    13.0780656
0.110940    13.0785552
0.110900    13.0790592
0.110860    13.0795776
0.110820    13.0801104
0.110780    13.0806432
0.110730    13.0812048
0.110690    13.0817664
0.110650    13.0823424
0.110610    13.0829184
0.110570    13.0835232
0.110530    13.0841280
0.110480    13.0847616
0.110440    13.0853952
0.110400    13.0860288
0.110360    13.0866912
0.110320    13.0873536
0.110270    13.0880304
0.110230    13.0887216
0.110190    13.0894272
0.110150    13.0901472
0.110110    13.0908672
0.110070    13.0916016
0.110020    13.0923504
0.109980    13.0931136
0.109940    13.0938768
0.109900    13.0946544
0.109850    13.0954608
0.109810    13.0962528
0.109770    13.0970736
0.109730    13.0978944
0.109690    13.0987296
0.109640    13.0995792
0.109600    13.1004432
0.109560    13.1013216
0.109520    13.1022000
0.109470    13.1030928
0.109430    13.1040000
0.109390    13.1049072
0.109350    13.1058432
0.109310    13.1067792
0.109260    13.1077296
0.109220    13.1086800
0.109180    13.1096592
0.109140    13.1106384
0.109090    13.1116320
0.109050    13.1126256
0.109010    13.1136480
0.108960    13.1146704
0.108920    13.1157072
0.108880    13.1167584
0.108840    13.1178096
0.108790    13.1188752
0.108750    13.1199552
0.108710    13.1210496
0.108670    13.1221584
0.108620    13.1232672
0.108580    13.1243904
0.108540    13.1255280
0.108490    13.1266656
0.108450    13.1278176
0.108410    13.1289840
0.108370    13.1301648
0.108320    13.1313600
0.108280    13.1325552
0.108240    13.1337648
0.108190    13.1349888
0.108150    13.1362128
0.108110    13.1374512
0.108060    13.1387040
0.108020    13.1399712
0.107980    13.1412384
0.107930    13.1425200
0.107890    13.1438160
0.107850    13.1451264
0.107800    13.1464368
0.107760    13.1477616
0.107720    13.1491008
0.107670    13.1504544
0.107630    13.1518080
0.107590    13.1531760
0.107540    13.1545584
0.107500    13.1559408
0.107460    13.1573376
0.107410    13.1587488
0.107370    13.1601744
0.107330    13.1616000
0.107280    13.1630400
0.107240    13.1644944
0.107190    13.1659632
0.107150    13.1674320
0.107110    13.1689152
0.107060    13.1704128
0.107020    13.1719104
0.106980    13.1734224
0.106930    13.1749488
0.106890    13.1764896
0.106840    13.1780304
0.106800    13.1796144
0.106750    13.1811984
0.106710    13.1827968
0.106670    13.1843952
0.106620    13.1860080
0.106580    13.1876352
0.106530    13.1892624
0.106490    13.1909040
0.106440    13.1925600
0.106400    13.1942304
0.106350    13.1959008
0.106310    13.1976000
0.106260    13.1992848
0.106220    13.2009984
0.106180    13.2027120
0.106130    13.2044400
0.106090    13.2061824
0.106040    13.2079392
0.106000    13.2096960
0.105950    13.2114672
0.105910    13.2132384
0.105860    13.2150384
0.105820    13.2168384
0.105770    13.2186528
0.105730    13.2204672
0.105680    13.2223104
0.105640    13.2241536
0.105590    13.2259968
0.105550    13.2278688
0.105500    13.2297408
0.105460    13.2316272
0.105410    13.2335280
0.105360    13.2354288
0.105320    13.2373440
0.105270    13.2392736
0.105230    13.2412176
0.105180    13.2431616
0.105140    13.2451200
0.105090    13.2470928
0.105050    13.2490656
0.105000    13.2510528
0.104960    13.2530544
0.104910    13.2550704
0.104870    13.2570864
0.104820    13.2591168
0.104770    13.2611616
0.104730    13.2632208
0.104680    13.2652800
0.104640    13.2673536
0.104590    13.2694416
0.104550    13.2715296
0.104500    13.2736320
0.104450    13.2757488
0.104410    13.2778800
0.104360    13.2800112
0.104320    13.2821568
0.104270    13.2843168
0.104220    13.2864768
0.104180    13.2886512
0.104130    13.2908400
0.104090    13.2930432
0.104040    13.2952464
0.103990    13.2974640
0.103950    13.2996960
0.103900    13.3019280
0.103850    13.3041744
0.103810    13.3064352
0.103760    13.3087104
0.103720    13.3109856
0.103670    13.3132752
0.103620    13.3155792
0.103580    13.3178976
0.103530    13.3202160
0.103480    13.3225488
0.103440    13.3248960
0.103390    13.3272432
0.103340    13.3296048
0.103300    13.3319808
0.103250    13.3343568
0.103200    13.3367616
0.103160    13.3391664
0.103110    13.3415712
0.103060    13.3440048
0.103020    13.3464384
0.102970    13.3488864
0.102920    13.3513344
0.102880    13.3537968
0.102830    13.3562736
0.102780    13.3587648
0.102740    13.3612560
0.102690    13.3637760
0.102640    13.3662816
0.102590    13.3688160
0.102550    13.3713504
0.102500    13.3738992
0.102450    13.3764624
0.102410    13.3790400
0.102360    13.3816176
0.102310    13.3842096
0.102260    13.3868016
0.102220    13.3894224
0.102170    13.3920432
0.102120    13.3946784
0.102080    13.3973136
0.102030    13.3999776
0.101980    13.4026416
0.101930    13.4053200
0.101880    13.4079984
0.101840    13.4107200
0.101790    13.4134416
0.101740    13.4161776
0.101690    13.4189280
0.101650    13.4216784
0.101600    13.4244432
0.101550    13.4272080
0.101500    13.4300016
0.101450    13.4327952
0.101410    13.4355888
0.101360    13.4384112
0.101310    13.4412336
0.101260    13.4440704
0.101210    13.4469216
0.101160    13.4497728
0.101120    13.4526384
0.101070    13.4555184
0.101020    13.4584128
0.100970    13.4613072
0.100920    13.4642160
0.100870    13.4671392
0.100830    13.4700624
0.100780    13.4730000
0.100730    13.4759520
0.100680    13.4789184
0.100630    13.4818992
0.100580    13.4848800
0.100540    13.4878752
0.100490    13.4908704
0.100440    13.4938944
0.100390    13.4969184
0.100340    13.4999568
0.100290    13.5029952
0.100240    13.5060624
0.100190    13.5091296
0.100150    13.5122112
0.100100    13.5152928
0.100050    13.5183888
0.100000    13.5214992
0.099950    13.5246240
0.099900    13.5277632
0.099850    13.5309024
0.099800    13.5340560
0.099750    13.5372240
0.099700    13.5403920
0.099660    13.5435744
0.099610    13.5467712
0.099560    13.5499824
0.099510    13.5532080
0.099460    13.5564336
0.099410    13.5596736
0.099360    13.5629280
0.099310    13.5661824
0.099260    13.5694512
0.099210    13.5727344
0.099160    13.5760320
0.099110    13.5793296
0.099060    13.5826560
0.099010    13.5859824
0.098960    13.5893088
0.098910    13.5926640
0.098860    13.5960192
0.098810    13.5993888
0.098760    13.6027728
0.098720    13.6061568
0.098670    13.6095552
0.098620    13.6129680
0.098570    13.6163952
0.098520    13.6198224
0.098470    13.6232640
0.098420    13.6267200
0.098370    13.6301904
0.098320    13.6336608
0.098270    13.6371456
0.098220    13.6406448
0.098170    13.6441440
0.098120    13.6476576
0.098070    13.6511856
0.098020    13.6547280
0.097970    13.6582848
0.097920    13.6618416
0.097870    13.6654128
0.097820    13.6689840
0.097770    13.6725840
0.097720    13.6761840
0.097660    13.6797984
0.097610    13.6834128
0.097560    13.6870416
0.097510    13.6906848
0.097460    13.6943424
0.097410    13.6980144
0.097360    13.7016864
0.097310    13.7053728
0.097260    13.7090736
0.097210    13.7127744
0.097160    13.7164896
0.097110    13.7202192
0.097060    13.7239632
0.097010    13.7277072
0.096960    13.7314656
0.096910    13.7352384
0.096860    13.7390256
0.096810    13.7428128
0.096760    13.7466144
0.096700    13.7504304
0.096650    13.7542464
0.096600    13.7580912
0.096550    13.7619360
0.096500    13.7657808
0.096450    13.7696544
0.096400    13.7735280
0.096350    13.7774160
0.096300    13.7813184
0.096250    13.7852208
0.096200    13.7891376
0.096150    13.7930688
0.096090    13.7970144
0.096040    13.8009600
0.095990    13.8049200
0.095940    13.8088944
0.095890    13.8128832
0.095840    13.8168720
0.095790    13.8208752
0.095740    13.8248928
0.095690    13.8289248
0.095630    13.8329568
0.095580    13.8370032
0.095530    13.8410640
0.095480    13.8451248
0.095430    13.8492144
0.095380    13.8532896
0.095330    13.8573936
0.095280    13.8615120
0.095220    13.8656304
0.095170    13.8697632
0.095120    13.8739104
0.095070    13.8780576
0.095020    13.8822192
0.094970    13.8863952
0.094910    13.8905856
0.094860    13.8947760
0.094810    13.8989808
0.094760    13.9032000
0.094710    13.9074336
0.094660    13.9116672
0.094610    13.9159296
0.094550    13.9201776
0.094500    13.9244544
0.094450    13.9287312
0.094400    13.9330368
0.094350    13.9373280
0.094290    13.9416480
0.094240    13.9459680
0.094190    13.9503168
0.094140    13.9546512
0.094090    13.9590144
0.094040    13.9633776
0.093980    13.9677552
0.093930    13.9721472
0.093880    13.9765536
0.093830    13.9809600
0.093780    13.9853808
0.093720    13.9898160
0.093670    13.9942656
0.093620    13.9987152
0.093570    14.0031792
0.093520    14.0076576
0.093460    14.0121360
0.093410    14.0166432
0.093360    14.0211504
0.093310    14.0256720
0.093260    14.0301936
0.093200    14.0347440
0.093150    14.0392944
0.093100    14.0438592
0.093050    14.0484240
0.092990    14.0530032
0.092940    14.0576112
0.092890    14.0622048
0.092840    14.0668272
0.092780    14.0714496
0.092730    14.0760864
0.092680    14.0807376
0.092630    14.0854032
0.092580    14.0900688
0.092520    14.0947488
0.092470    14.0994432
0.092420    14.1041520
0.092370    14.1088608
0.092310    14.1135840
0.092260    14.1183216
0.092210    14.1230736
0.092160    14.1278400
0.092100    14.1326208
0.092050    14.1374016
0.092000    14.1421968
0.091940    14.1470064
0.091890    14.1518304
0.091840    14.1566688
0.091790    14.1615072
0.091730    14.1663600
0.091680    14.1712128
0.091630    14.1760944
0.091580    14.1809760
0.091520    14.1858720
0.091470    14.1907680
0.091420    14.1956928
0.091360    14.2006176
0.091310    14.2055568
0.091260    14.2104960
0.091210    14.2154640
0.091150    14.2204320
0.091100    14.2254144
0.091050    14.2303968
0.090990    14.2354080
0.090940    14.2404192
0.090890    14.2454448
0.090830    14.2504704
0.090780    14.2555248
0.090730    14.2605792
0.090680    14.2656480
0.090620    14.2707168
0.090570    14.2758144
0.090520    14.2809120
0.090460    14.2860240
0.090410    14.2911360
0.090360    14.2962768
0.090300    14.3014176
0.090250    14.3065728
0.090200    14.3117424
0.090140    14.3169120
0.090090    14.3221104
0.090040    14.3273088
0.089980    14.3325072
0.089930    14.3377344
0.089880    14.3429616
0.089830    14.3482032
0.089770    14.3534592
0.089720    14.3587296
0.089670    14.3640000
0.089610    14.3692848
0.089560    14.3745840
0.089510    14.3798976
0.089450    14.3852112
0.089400    14.3905392
0.089350    14.3958816
0.089290    14.4012960
0.089240    14.4066240
0.089190    14.4119520
0.089130    14.4174240
0.089080    14.4227520
0.089020    14.4282240
0.088970    14.4335520
0.088920    14.4390240
0.088860    14.4444960
0.088810    14.4499680
0.088760    14.4552960
0.088700    14.4609120
0.088650    14.4663840
0.088600    14.4718560
0.088540    14.4773280
0.088490    14.4828000
0.088440    14.4884160
0.088380    14.4938880
0.088330    14.4995040
0.088280    14.5049760
0.088220    14.5105920
0.088170    14.5162080
0.088110    14.5218240
0.088060    14.5274400
0.088010    14.5330560
0.087950    14.5386720
0.087900    14.5442880
0.087850    14.5499040
0.087790    14.5555200
0.087740    14.5612800
0.087680    14.5668960
0.087630    14.5726560
0.087580    14.5782720
0.087520    14.5840320
0.087470    14.5897920
0.087420    14.5955520
0.087360    14.6013120
0.087310    14.6070720
0.087260    14.6128320
0.087200    14.6185920
0.087150    14.6243520
0.087090    14.6302560
0.087040    14.6360160
0.086990    14.6417760
0.086930    14.6476800
0.086880    14.6535840
0.086820    14.6593440
0.086770    14.6652480
0.086720    14.6711520
0.086660    14.6770560
0.086610    14.6829600
0.086560    14.6888640
0.086500    14.6947680
0.086450    14.7006720
0.086390    14.7067200
0.086340    14.7126240
0.086290    14.7186720
0.086230    14.7245760
0.086180    14.7306240
0.086120    14.7365280
0.086070    14.7425760
0.086020    14.7486240
0.085960    14.7546720
0.085910    14.7607200
0.085850    14.7667680
0.085800    14.7728160
0.085750    14.7790080
0.085690    14.7850560
0.085640    14.7911040
0.085580    14.7972960
0.085530    14.8033440
0.085480    14.8095360
0.085420    14.8157280
0.085370    14.8219200
0.085310    14.8281120
0.085260    14.8343040
0.085210    14.8404960
0.085150    14.8466880
0.085100    14.8528800
0.085040    14.8592160
0.084990    14.8654080
0.084930    14.8717440
0.084880    14.8779360
0.084830    14.8842720
0.084770    14.8904640
0.084720    14.8968000
0.084660    14.9031360
0.084610    14.9094720
0.084560    14.9158080
0.084500    14.9221440
0.084450    14.9284800
0.084390    14.9349600
0.084340    14.9412960
0.084280    14.9476320
0.084230    14.9541120
0.084180    14.9604480
0.084120    14.9669280
0.084070    14.9734080
0.084010    14.9798880
0.083960    14.9862240
0.083910    14.9927040
0.083850    14.9991840
0.083800    15.0058080
0.083740    15.0122880
0.083690    15.0187680
0.083630    15.0252480
0.083580    15.0318720
0.083530    15.0383520
0.083470    15.0449760
0.083420    15.0514560
0.083360    15.0580800
0.083310    15.0647040
0.083250    15.0713280
0.083200    15.0779520
0.083150    15.0845760
0.083090    15.0912000
0.083040    15.0978240
0.082980    15.1044480
0.082930    15.1112160
0.082880    15.1178400
0.082820    15.1246080
0.082770    15.1312320
0.082710    15.1380000
0.082660    15.1447680
0.082600    15.1515360
0.082550    15.1581600
0.082500    15.1649280
0.082440    15.1716960
0.082390    15.1786080
0.082330    15.1853760
0.082280    15.1921440
0.082220    15.1989120
0.082170    15.2058240
0.082120    15.2125920
0.082060    15.2195040
0.082010    15.2264160
0.081950    15.2331840
0.081900    15.2400960
0.081850    15.2470080
0.081790    15.2539200
0.081740    15.2608320
0.081680    15.2677440
0.081630    15.2748000
0.081570    15.2817120
0.081520    15.2886240
0.081470    15.2956800
0.081410    15.3025920
0.081360    15.3096480
0.081300    15.3167040
0.081250    15.3237600
0.081190    15.3306720
0.081140    15.3377280
0.081090    15.3447840
0.081030    15.3519840
0.080980    15.3590400
0.080920    15.3660960
0.080870    15.3731520
0.080810    15.3803520
0.080760    15.3874080
0.080710    15.3946080
0.080650    15.4018080
0.080600    15.4088640
0.080540    15.4160640
0.080490    15.4232640
0.080440    15.4304640
0.080380    15.4376640
0.080330    15.4448640
0.080270    15.4520640
0.080220    15.4594080
0.080160    15.4666080
0.080110    15.4738080
0.080060    15.4811520
0.080000    15.4884960
0.079950    15.4956960
0.079890    15.5030400
0.079840    15.5103840
0.079790    15.5177280
0.079730    15.5250720
0.079680    15.5324160
0.079620    15.5399040
0.079570    15.5472480
0.079510    15.5547360
0.079460    15.5620800
0.079410    15.5695680
0.079350    15.5770560
0.079300    15.5844000
0.079240    15.5918880
0.079190    15.5993760
0.079130    15.6068640
0.079080    15.6143520
0.079030    15.6218400
0.078970    15.6294720
0.078920    15.6369600
0.078860    15.6444480
0.078810    15.6520800
0.078760    15.6595680
0.078700    15.6672000
0.078650    15.6748320
0.078590    15.6823200
0.078540    15.6899520
0.078480    15.6975840
0.078430    15.7052160
0.078380    15.7128480
0.078320    15.7204800
0.078270    15.7282560
0.078210    15.7358880
0.078160    15.7435200
0.078110    15.7512960
0.078050    15.7589280
0.078000    15.7667040
0.077940    15.7744800
0.077890    15.7821120
0.077840    15.7898880
0.077780    15.7976640
0.077730    15.8054400
0.077670    15.8132160
0.077620    15.8209920
0.077570    15.8289120
0.077510    15.8366880
0.077460    15.8444640
0.077400    15.8523840
0.077350    15.8601600
0.077300    15.8680800
0.077240    15.8760000
0.077190    15.8839200
0.077140    15.8916960
0.077080    15.8996160
0.077030    15.9075360
0.076970    15.9156000
0.076920    15.9235200
0.076870    15.9314400
0.076810    15.9393600
0.076760    15.9474240
0.076700    15.9553440
0.076650    15.9634080
0.076600    15.9713280
0.076540    15.9793920
0.076490    15.9874560
0.076440    15.9955200
0.076380    16.0035840
0.076330    16.0116480
0.076270    16.0197120
0.076220    16.0277760
0.076170    16.0359840
0.076110    16.0440480
0.076060    16.0521120
0.076010    16.0603200
0.075950    16.0683840
0.075900    16.0765920
0.075850    16.0848000
0.075790    16.0930080
0.075740    16.1012160
0.075680    16.1094240
0.075630    16.1176320
0.075580    16.1258400
0.075520    16.1340480
0.075470    16.1422560
0.075420    16.1506080
0.075360    16.1588160
0.075310    16.1671680
0.075260    16.1753760
0.075200    16.1837280
0.075150    16.1920800
0.075100    16.2004320
0.075040    16.2087840
0.074990    16.2171360
0.074940    16.2254880
0.074880    16.2338400
0.074830    16.2421920
0.074770    16.2506880
0.074720    16.2590400
0.074670    16.2675360
0.074610    16.2760320
0.074560    16.2843840
0.074510    16.2928800
0.074450    16.3013760
0.074400    16.3098720
0.074350    16.3185120
0.074290    16.3270080
0.074240    16.3355040
0.074190    16.3440000
0.074130    16.3526400
0.074080    16.3611360
0.074030    16.3697760
0.073970    16.3784160
0.073920    16.3869120
0.073870    16.3955520
0.073810    16.4041920
0.073760    16.4128320
0.073710    16.4214720
0.073650    16.4301120
0.073600    16.4387520
0.073550    16.4475360
0.073490    16.4561760
0.073440    16.4649600
0.073390    16.4736000
0.073330    16.4823840
0.073280    16.4910240
0.073230    16.4998080
0.073180    16.5085920
0.073120    16.5173760
0.073070    16.5261600
0.073020    16.5349440
0.072960    16.5437280
0.072910    16.5525120
0.072860    16.5612960
0.072800    16.5702240
0.072750    16.5790080
0.072700    16.5879360
0.072650    16.5967200
0.072590    16.6056480
0.072540    16.6145760
0.072490    16.6235040
0.072430    16.6324320
0.072380    16.6413600
0.072330    16.6502880
0.072280    16.6592160
0.072220    16.6681440
0.072170    16.6770720
0.072120    16.6861440
0.072060    16.6950720
0.072010    16.7041440
0.071960    16.7130720
0.071910    16.7221440
0.071850    16.7312160
0.071800    16.7402880
0.071750    16.7493600
0.071700    16.7584320
0.071640    16.7675040
0.071590    16.7765760
0.071540    16.7856480
0.071490    16.7947200
0.071430    16.8039360
0.071380    16.8130080
0.071330    16.8222240
0.071280    16.8314400
0.071220    16.8405120
0.071170    16.8497280
0.071120    16.8589440
0.071070    16.8681600
0.071010    16.8773760
0.070960    16.8865920
0.070910    16.8958080
0.070860    16.9051680
0.070800    16.9143840
0.070750    16.9237440
0.070700    16.9329600
0.070650    16.9423200
0.070600    16.9515360
0.070540    16.9608960
0.070490    16.9702560
0.070440    16.9796160
0.070390    16.9889760
0.070330    16.9983360
0.070280    17.0076960
0.070230    17.0172000
0.070180    17.0265600
0.070130    17.0360640
0.070070    17.0455680
0.070020    17.0549280
0.069970    17.0644320
0.069920    17.0739360
0.069860    17.0834400
0.069810    17.0929440
0.069760    17.1025920
0.069710    17.1120960
0.069660    17.1216000
0.069600    17.1312480
0.069550    17.1407520
0.069500    17.1504000
0.069450    17.1599040
0.069400    17.1695520
0.069340    17.1792000
0.069290    17.1888480
0.069240    17.1984960
0.069190    17.2081440
0.069140    17.2177920
0.069080    17.2274400
0.069030    17.2370880
0.068980    17.2468800
0.068930    17.2565280
0.068880    17.2663200
0.068820    17.2759680
0.068770    17.2857600
0.068720    17.2955520
0.068670    17.3052000
0.068620    17.3149920
0.068570    17.3247840
0.068510    17.3345760
0.068460    17.3443680
0.068410    17.3543040
0.068360    17.3640960
0.068310    17.3738880
0.068260    17.3838240
0.068210    17.3936160
0.068150    17.4035520
0.068100    17.4133440
0.068050    17.4232800
0.068000    17.4332160
0.067950    17.4431520
0.067900    17.4530880
0.067850    17.4630240
0.067790    17.4729600
0.067740    17.4828960
0.067690    17.4928320
0.067640    17.5029120
0.067590    17.5128480
0.067540    17.5229280
0.067490    17.5328640
0.067440    17.5429440
0.067380    17.5530240
0.067330    17.5629600
0.067280    17.5730400
0.067230    17.5831200
0.067180    17.5932000
0.067130    17.6032800
0.067080    17.6135040
0.067030    17.6235840
0.066980    17.6336640
0.066930    17.6438880
0.066870    17.6539680
0.066820    17.6641920
0.066770    17.6742720
0.066720    17.6844960
0.066670    17.6947200
0.066620    17.7049440
0.066570    17.7151680
0.066520    17.7253920
0.066470    17.7356160
0.066420    17.7458400
0.066370    17.7560640
0.066320    17.7664320
0.066270    17.7766560
0.066220    17.7868800
0.066160    17.7972480
0.066110    17.8076160
0.066060    17.8179840
0.066010    17.8283520
0.065960    17.8387200
0.065910    17.8492320
0.065860    17.8596000
0.065810    17.8699680
0.065760    17.8804800
0.065710    17.8909920
0.065660    17.9013600
0.065610    17.9118720
0.065560    17.9223840
0.065510    17.9328960
0.065460    17.9432640
0.065410    17.9537760
0.065360    17.9644320
0.065310    17.9749440
0.065260    17.9854560
0.065210    17.9959680
0.065160    18.0064800
0.065110    18.0171360
0.065060    18.0276480
0.065010    18.0383040
0.064950    18.0488160
0.064900    18.0594720
0.064850    18.0701280
0.064800    18.0807840
0.064750    18.0914400
0.064710    18.1020960
0.064660    18.1127520
0.064610    18.1234080
0.064560    18.1340640
0.064510    18.1447200
0.064460    18.1553760
0.064410    18.1661760
0.064360    18.1768320
0.064310    18.1876320
0.064260    18.1982880
0.064210    18.2090880
0.064160    18.2198880
0.064110    18.2306880
0.064060    18.2413440
0.064010    18.2521440
0.063960    18.2629440
0.063910    18.2737440
0.063860    18.2846880
0.063810    18.2954880
0.063760    18.3062880
0.063710    18.3170880
0.063660    18.3280320
0.063610    18.3388320
0.063570    18.3497760
0.063520    18.3605760
0.063470    18.3715200
0.063420    18.3824640
0.063370    18.3934080
0.063320    18.4043520
0.063270    18.4152960
0.063220    18.4262400
0.063170    18.4371840
0.063120    18.4481280
0.063070    18.4590720
0.063030    18.4700160
0.062980    18.4811040
0.062930    18.4920480
0.062880    18.5031360
0.062830    18.5140800
0.062780    18.5251680
0.062730    18.5362560
0.062680    18.5473440
0.062640    18.5582880
0.062590    18.5693760
0.062540    18.5804640
0.062490    18.5916960
0.062440    18.6027840
0.062390    18.6140160
0.062340    18.6251040
0.062300    18.6363360
0.062250    18.6475680
0.062200    18.6586560
0.062150    18.6698880
0.062100    18.6811200
0.062050    18.6923520
0.062000    18.7037280
0.061960    18.7149600
0.061910    18.7261920
0.061860    18.7374240
0.061810    18.7488000
0.061760    18.7600320
0.061710    18.7712640
0.061670    18.7826400
0.061620    18.7940160
0.061570    18.8052480
0.061520    18.8166240
0.061470    18.8280000
0.061430    18.8393760
0.061380    18.8507520
0.061330    18.8619840
0.061280    18.8735040
0.061230    18.8848800
0.061190    18.8962560
0.061140    18.9076320
0.061090    18.9190080
0.061040    18.9305280
0.061000    18.9419040
0.060950    18.9532800
0.060900    18.9648000
0.060850    18.9761760
0.060810    18.9876960
0.060760    18.9992160
0.060710    19.0107360
0.060660    19.0221120
0.060620    19.0336320
0.060570    19.0451520
0.060520    19.0566720
0.060470    19.0681920
0.060430    19.0797120
0.060380    19.0912320
0.060330    19.1028960
0.060280    19.1144160
0.060240    19.1259360
0.060190    19.1376000
0.060140    19.1491200
0.060100    19.1607840
0.060050    19.1723040
0.060000    19.1839680
0.059960    19.1956320
0.059910    19.2071520
0.059860    19.2188160
0.059820    19.2304800
0.059770    19.2421440
0.059720    19.2538080
0.059680    19.2654720
0.059630    19.2771360
0.059580    19.2888000
0.059540    19.3004640
0.059490    19.3122720
0.059440    19.3239360
0.059400    19.3356000
0.059350    19.3474080
0.059300    19.3590720
0.059260    19.3708800
0.059210    19.3825440
0.059160    19.3943520
0.059120    19.4061600
0.059070    19.4179680
0.059030    19.4297760
0.058980    19.4415840
0.058930    19.4535360
0.058890    19.4653440
0.058840    19.4772960
0.058790    19.4891040
0.058750    19.5010560
0.058700    19.5130080
0.058660    19.5248160
0.058610    19.5367680
0.058560    19.5487200
0.058520    19.5606720
0.058470    19.5726240
0.058430    19.5845760
0.058380    19.5965280
0.058340    19.6084800
0.058290    19.6204320
0.058240    19.6323840
0.058200    19.6444800
0.058150    19.6564320
0.058110    19.6683840
0.058060    19.6804800
0.058020    19.6924320
0.057970    19.7045280
0.057930    19.7164800
0.057880    19.7285760
0.057830    19.7406720
0.057790    19.7526240
0.057740    19.7647200
0.057700    19.7768160
0.057650    19.7889120
0.057610    19.8010080
0.057560    19.8131040
0.057520    19.8252000
0.057470    19.8372960
0.057430    19.8493920
0.057380    19.8614880
0.057340    19.8735840
0.057290    19.8856800
0.057250    19.8979200
0.057200    19.9100160
0.057160    19.9221120
0.057120    19.9343520
0.057070    19.9464480
0.057030    19.9586880
0.056980    19.9707840
0.056940    19.9830240
0.056890    19.9952640
0.056850    20.0073600
0.056800    20.0196000
0.056760    20.0318400
0.056710    20.0440800
0.056670    20.0563200
0.056630    20.0685600
0.056580    20.0808000
0.056540    20.0930400
0.056490    20.1052800
0.056450    20.1175200
0.056410    20.1297600
0.056360    20.1420000
0.056320    20.1543840
0.056270    20.1666240
0.056230    20.1788640
0.056190    20.1912480
0.056140    20.2034880
0.056100    20.2158720
0.056060    20.2281120
0.056010    20.2404960
0.055970    20.2527360
0.055920    20.2651200
0.055880    20.2775040
0.055840    20.2900320
0.055790    20.3024160
0.055750    20.3148000
0.055710    20.3273280
0.055660    20.3397120
0.055620    20.3522400
0.055580    20.3646240
0.055530    20.3771520
0.055490    20.3895360
0.055450    20.4020640
0.055400    20.4145920
0.055360    20.4269760
0.055320    20.4395040
0.055270    20.4520320
0.055230    20.4645600
0.055190    20.4770880
0.055140    20.4894720
0.055100    20.5020000
0.055060    20.5145280
0.055020    20.5270560
0.054970    20.5395840
0.054930    20.5521120
0.054890    20.5647840
0.054840    20.5773120
0.054800    20.5898400
0.054760    20.6023680
0.054720    20.6148960
0.054670    20.6274240
0.054630    20.6400960
0.054590    20.6526240
0.054550    20.6651520
0.054500    20.6778240
0.054460    20.6903520
0.054420    20.7030240
0.054380    20.7155520
0.054340    20.7280800
0.054290    20.7407520
0.054250    20.7532800
0.054210    20.7659520
0.054170    20.7786240
0.054130    20.7911520
0.054080    20.8038240
0.054040    20.8163520
0.054000    20.8290240
0.053960    20.8416960
0.053920    20.8543680
0.053880    20.8668960
0.053830    20.8795680
0.053790    20.8922400
0.053750    20.9049120
0.053710    20.9174400
0.053670    20.9299680
0.053630    20.9424960
0.053590    20.9550240
0.053550    20.9675520
0.053510    20.9800800
0.053470    20.9926080
0.053430    21.0051360
0.053380    21.0176640
0.053340    21.0303360
0.053300    21.0428640
0.053260    21.0553920
0.053220    21.0679200
0.053180    21.0804480
0.053140    21.0929760
0.053100    21.1055040
0.053060    21.1180320
0.053020    21.1307040
0.052980    21.1432320
0.052940    21.1557600
0.052900    21.1684320
0.052860    21.1809600
0.052820    21.1936320
0.052780    21.2063040
0.052740    21.2189760
0.052700    21.2316480
0.052660    21.2441760
0.052620    21.2568480
0.052580    21.2695200
0.052540    21.2821920
0.052500    21.2948640
0.052460    21.3075360
0.052420    21.3202080
0.052380    21.3328800
0.052340    21.3454080
0.052310    21.3580800
0.052270    21.3707520
0.052230    21.3834240
0.052190    21.3960960
0.052150    21.4087680
0.052110    21.4214400
0.052070    21.4341120
0.052030    21.4467840
0.051990    21.4596000
0.051950    21.4722720
0.051910    21.4849440
0.051880    21.4976160
0.051840    21.5102880
0.051800    21.5229600
0.051760    21.5356320
0.051720    21.5484480
0.051680    21.5611200
0.051640    21.5737920
0.051600    21.5864640
0.051570    21.5992800
0.051530    21.6119520
0.051490    21.6247680
0.051450    21.6374400
0.051410    21.6501120
0.051370    21.6629280
0.051330    21.6756000
0.051300    21.6884160
0.051260    21.7012320
0.051220    21.7139040
0.051180    21.7267200
0.051140    21.7395360
0.051110    21.7522080
0.051070    21.7650240
0.051030    21.7778400
0.050990    21.7906560
0.050950    21.8034720
0.050920    21.8162880
0.050880    21.8291040
0.050840    21.8419200
0.050800    21.8547360
0.050760    21.8675520
0.050730    21.8803680
0.050690    21.8931840
0.050650    21.9061440
0.050610    21.9189600
0.050580    21.9319200
0.050540    21.9447360
0.050500    21.9576960
0.050460    21.9705120
0.050420    21.9834720
0.050390    21.9964320
0.050350    22.0093920
0.050310    22.0223520
0.050270    22.0353120
0.050240    22.0482720
0.050200    22.0612320
0.050160    22.0741920
0.050120    22.0872960
0.050090    22.1004000
0.050050    22.1135040
0.050010    22.1266080
0.049970    22.1397120
0.049940    22.1529600
0.049900    22.1660640
0.049860    22.1791680
0.049820    22.1924160
0.049790    22.2056640
0.049750    22.2189120
0.049710    22.2321600
0.049670    22.2454080
0.049640    22.2586560
0.049600    22.2719040
0.049560    22.2851520
0.049520    22.2984000
0.049490    22.3117920
0.049450    22.3250400
0.049410    22.3384320
0.049370    22.3518240
0.049340    22.3652160
0.049300    22.3786080
0.049260    22.3920000
0.049230    22.4053920
0.049190    22.4187840
0.049150    22.4321760
0.049110    22.4457120
0.049080    22.4591040
0.049040    22.4726400
0.049000    22.4861760
0.048960    22.4997120
0.048930    22.5132480
0.048890    22.5267840
0.048850    22.5403200
0.048820    22.5538560
0.048780    22.5673920
0.048740    22.5810720
0.048700    22.5947520
0.048670    22.6082880
0.048630    22.6219680
0.048590    22.6356480
0.048560    22.6493280
0.048520    22.6631520
0.048480    22.6768320
0.048440    22.6905120
0.048410    22.7043360
0.048370    22.7181600
0.048330    22.7319840
0.048300    22.7456640
0.048260    22.7596320
0.048220    22.7734560
0.048180    22.7872800
0.048150    22.8012480
0.048110    22.8150720
0.048070    22.8290400
0.048030    22.8430080
0.048000    22.8569760
0.047960    22.8709440
0.047920    22.8849120
0.047890    22.8988800
0.047850    22.9129920
0.047810    22.9269600
0.047780    22.9410720
0.047740    22.9551840
0.047700    22.9692960
0.047660    22.9834080
0.047630    22.9976640
0.047590    23.0117760
0.047550    23.0260320
0.047520    23.0401440
0.047480    23.0544000
0.047440    23.0686560
0.047400    23.0829120
0.047370    23.0971680
0.047330    23.1115680
0.047290    23.1258240
0.047260    23.1402240
0.047220    23.1546240
0.047180    23.1690240
0.047140    23.1835680
0.047110    23.1981120
0.047070    23.2126560
0.047030    23.2272000
0.046990    23.2417440
0.046960    23.2562880
0.046920    23.2709760
0.046880    23.2856640
0.046840    23.3002080
0.046810    23.3148960
0.046770    23.3295840
0.046730    23.3444160
0.046700    23.3591040
0.046660    23.3737920
0.046620    23.3886240
0.046580    23.4034560
0.046550    23.4182880
0.046510    23.4331200
0.046470    23.4479520
0.046430    23.4627840
0.046400    23.4777600
0.046360    23.4925920
0.046320    23.5075680
0.046290    23.5225440
0.046250    23.5375200
0.046210    23.5524960
0.046170    23.5674720
0.046140    23.5824480
0.046100    23.5975680
0.046060    23.6126880
0.046020    23.6276640
0.045990    23.6427840
0.045950    23.6579040
0.045910    23.6730240
0.045880    23.6881440
0.045840    23.7032640
0.045800    23.7183840
0.045760    23.7336480
0.045730    23.7487680
0.045690    23.7640320
0.045650    23.7792960
0.045620    23.7945600
0.045580    23.8098240
0.045540    23.8252320
0.045500    23.8404960
0.045470    23.8559040
0.045430    23.8711680
0.045390    23.8865760
0.045360    23.9019840
0.045320    23.9175360
0.045280    23.9329440
0.045240    23.9483520
0.045210    23.9639040
0.045170    23.9794560
0.045130    23.9950080
0.045100    24.0105600
0.045060    24.0261120
0.045020    24.0416640
0.044980    24.0573600
0.044950    24.0729120
0.044910    24.0886080
0.044870    24.1041600
0.044840    24.1198560
0.044800    24.1354080
0.044760    24.1511040
0.044730    24.1668000
0.044690    24.1824960
0.044650    24.1981920
0.044620    24.2138880
0.044580    24.2295840
0.044540    24.2454240
0.044510    24.2611200
0.044470    24.2769600
0.044430    24.2926560
0.044400    24.3084960
0.044360    24.3243360
0.044320    24.3400320
0.044290    24.3558720
0.044250    24.3717120
0.044210    24.3876960
0.044180    24.4035360
0.044140    24.4195200
0.044100    24.4356480
0.044070    24.4516320
0.044030    24.4676160
0.043990    24.4836000
0.043960    24.4997280
0.043920    24.5157120
0.043880    24.5318400
0.043850    24.5479680
0.043810    24.5639520
0.043770    24.5800800
0.043740    24.5962080
0.043700    24.6123360
0.043660    24.6283200
0.043630    24.6444480
0.043590    24.6605760
0.043560    24.6767040
0.043520    24.6928320
0.043480    24.7089600
0.043450    24.7250880
0.043410    24.7412160
0.043370    24.7573440
0.043340    24.7734720
0.043300    24.7896000
0.043270    24.8057280
0.043230    24.8218560
0.043200    24.8379840
0.043160    24.8541120
0.043120    24.8702400
0.043090    24.8863680
0.043050    24.9024960
0.043020    24.9187680
0.042980    24.9348960
0.042950    24.9510240
0.042910    24.9671520
0.042880    24.9832800
0.042840    24.9995520
0.042800    25.0156800
0.042770    25.0318080
0.042730    25.0479360
0.042700    25.0642080
0.042660    25.0803360
0.042630    25.0964640
0.042590    25.1127360
0.042560    25.1288640
0.042520    25.1449920
0.042490    25.1612640
0.042450    25.1773920
0.042420    25.1935200
0.042380    25.2097920
0.042350    25.2259200
0.042320    25.2420480
0.042280    25.2583200
0.042250    25.2744480
0.042210    25.2907200
0.042180    25.3068480
0.042140    25.3229760
0.042110    25.3392480
0.042070    25.3553760
0.042040    25.3716480
0.042010    25.3877760
0.041970    25.4040480
0.041940    25.4201760
0.041900    25.4364480
0.041870    25.4525760
0.041830    25.4688480
0.041800    25.4849760
0.041770    25.5012480
0.041730    25.5173760
0.041700    25.5336480
0.041660    25.5497760
0.041630    25.5660480
0.041600    25.5821760
0.041560    25.5984480
0.041530    25.6145760
0.041500    25.6308480
0.041460    25.6469760
0.041430    25.6632480
0.041390    25.6795200
0.041360    25.6959360
0.041330    25.7122080
0.041290    25.7286240
0.041260    25.7450400
0.041230    25.7613120
0.041190    25.7777280
0.041160    25.7941440
0.041130    25.8105600
0.041090    25.8268320
0.041060    25.8432480
0.041030    25.8596640
0.040990    25.8760800
0.040960    25.8924960
0.040930    25.9089120
0.040890    25.9251840
0.040860    25.9416000
0.040830    25.9580160
0.040790    25.9744320
0.040760    25.9908480
0.040730    26.0072640
0.040690    26.0235360
0.040660    26.0399520
0.040630    26.0563680
0.040600    26.0727840
0.040560    26.0892000
0.040530    26.1056160
0.040500    26.1218880
0.040460    26.1383040
0.040430    26.1547200
0.040400    26.1711360
0.040370    26.1874080
0.040330    26.2038240
0.040300    26.2202400
0.040270    26.2365120
0.040240    26.2529280
0.040210    26.2693440
0.040170    26.2856160
0.040140    26.3020320
0.040110    26.3184480
0.040080    26.3347200
0.040040    26.3512800
0.040010    26.3676960
0.039980    26.3841120
0.039950    26.4005280
0.039920    26.4168000
0.039880    26.4332160
0.039850    26.4496320
0.039820    26.4660480
0.039790    26.4824640
0.039760    26.4988800
0.039730    26.5152960
0.039690    26.5315680
0.039660    26.5479840
0.039630    26.5644000
0.039600    26.5808160
0.039570    26.5970880
0.039540    26.6135040
0.039500    26.6299200
0.039470    26.6463360
0.039440    26.6626080
0.039410    26.6790240
0.039380    26.6952960
0.039350    26.7117120
0.039320    26.7281280
0.039290    26.7444000
0.039250    26.7608160
0.039220    26.7770880
0.039190    26.7935040
0.039160    26.8097760
0.039130    26.8261920
0.039100    26.8424640
0.039070    26.8587360
0.039040    26.8751520
0.039010    26.8914240
0.038980    26.9078400
0.038950    26.9242560
0.038910    26.9406720
0.038880    26.9572320
0.038850    26.9736480
0.038820    26.9902080
0.038790    27.0066240
0.038760    27.0231840
0.038730    27.0397440
0.038700    27.0561600
0.038670    27.0727200
0.038640    27.0892800
0.038610    27.1056960
0.038580    27.1222560
0.038550    27.1386720
0.038520    27.1552320
0.038490    27.1716480
0.038460    27.1882080
0.038430    27.2046240
0.038400    27.2211840
0.038370    27.2377440
0.038330    27.2541600
0.038300    27.2707200
0.038270    27.2871360
0.038240    27.3036960
0.038210    27.3201120
0.038180    27.3366720
0.038150    27.3530880
0.038120    27.3696480
0.038090    27.3860640
0.038070    27.4024800
0.038040    27.4190400
0.038010    27.4354560
0.037980    27.4518720
0.037950    27.4682880
0.037920    27.4848480
0.037890    27.5012640
0.037860    27.5176800
0.037830    27.5340960
0.037800    27.5505120
0.037770    27.5669280
0.037740    27.5833440
0.037710    27.5997600
0.037680    27.6161760
0.037650    27.6325920
0.037620    27.6490080
0.037590    27.6654240
0.037560    27.6818400
0.037540    27.6982560
0.037510    27.7145280
0.037480    27.7309440
0.037450    27.7473600
0.037420    27.7637760
0.037390    27.7800480
0.037360    27.7964640
0.037330    27.8128800
0.037300    27.8291520
0.037280    27.8455680
0.037250    27.8618400
0.037220    27.8782560
0.037190    27.8945280
0.037160    27.9108000
0.037130    27.9272160
0.037100    27.9434880
0.037080    27.9597600
0.037050    27.9761760
0.037020    27.9924480
0.036990    28.0087200
0.036960    28.0249920
0.036930    28.0414080
0.036910    28.0578240
0.036880    28.0743840
0.036850    28.0908000
0.036820    28.1073600
0.036790    28.1237760
0.036760    28.1403360
0.036740    28.1567520
0.036710    28.1733120
0.036680    28.1897280
0.036650    28.2062880
0.036620    28.2227040
0.036590    28.2392640
0.036570    28.2556800
0.036540    28.2720960
0.036510    28.2886560
0.036480    28.3050720
0.036450    28.3216320
0.036430    28.3380480
0.036400    28.3544640
0.036370    28.3710240
0.036340    28.3874400
0.036320    28.4038560
0.036290    28.4202720
0.036260    28.4368320
0.036230    28.4532480
0.036200    28.4696640
0.036180    28.4860800
0.036150    28.5024960
0.036120    28.5189120
0.036090    28.5353280
0.036070    28.5517440
0.036040    28.5681600
0.036010    28.5845760
0.035990    28.6009920
0.035960    28.6174080
0.035930    28.6338240
0.035900    28.6502400
0.035880    28.6666560
0.035850    28.6829280
0.035820    28.6993440
0.035790    28.7157600
0.035770    28.7321760
0.035740    28.7484480
0.035710    28.7648640
0.035690    28.7811360
0.035660    28.7975520
0.035630    28.8139680
0.035610    28.8302400
0.035580    28.8465120
0.035550    28.8629280
0.035530    28.8792000
0.035500    28.8956160
0.035470    28.9118880
0.035450    28.9281600
0.035420    28.9445760
0.035390    28.9608480
0.035370    28.9771200
0.035340    28.9933920
0.035310    29.0096640
0.035290    29.0259360
0.035260    29.0422080
0.035240    29.0584800
0.035210    29.0747520
0.035180    29.0910240
0.035160    29.1072960
0.035130    29.1235680
0.035100    29.1399840
0.035080    29.1562560
0.035050    29.1728160
0.035030    29.1892320
0.035000    29.2056480
0.034970    29.2220640
0.034950    29.2386240
0.034920    29.2550400
0.034890    29.2714560
0.034870    29.2878720
0.034840    29.3044320
0.034820    29.3208480
0.034790    29.3372640
0.034760    29.3536800
0.034740    29.3702400
0.034710    29.3866560
0.034690    29.4030720
0.034660    29.4194880
0.034630    29.4359040
0.034610    29.4523200
0.034580    29.4687360
0.034560    29.4851520
0.034530    29.5017120
0.034510    29.5181280
0.034480    29.5345440
0.034450    29.5509600
0.034430    29.5673760
0.034400    29.5836480
0.034380    29.6000640
0.034350    29.6164800
0.034330    29.6328960
0.034300    29.6493120
0.034280    29.6657280
0.034250    29.6821440
0.034230    29.6984160
0.034200    29.7148320
0.034180    29.7312480
0.034150    29.7476640
0.034130    29.7639360
0.034100    29.7803520
0.034070    29.7966240
0.034050    29.8130400
0.034020    29.8294560
0.034000    29.8457280
0.033970    29.8620000
0.033950    29.8784160
0.033920    29.8946880
0.033900    29.9111040
0.033880    29.9273760
0.033850    29.9436480
0.033830    29.9600640
0.033800    29.9763360
0.033780    29.9926080
0.033750    30.0090240
0.033730    30.0252960
0.033700    30.0415680
0.033680    30.0578400
0.033650    30.0741120
0.033630    30.0903840
0.033600    30.1066560
0.033580    30.1229280
0.033550    30.1392000
0.033530    30.1554720
0.033510    30.1717440
0.033480    30.1880160
0.033460    30.2042880
0.033430    30.2205600
0.033410    30.2368320
0.033380    30.2531040
0.033360    30.2693760
0.033340    30.2859360
0.033310    30.3023520
0.033290    30.3187680
0.033260    30.3351840
0.033240    30.3517440
0.033210    30.3681600
0.033190    30.3845760
0.033170    30.4011360
0.033140    30.4175520
0.033120    30.4339680
0.033090    30.4503840
0.033070    30.4669440
0.033040    30.4833600
0.033020    30.4997760
0.033000    30.5163360
0.032970    30.5327520
0.032950    30.5491680
0.032920    30.5655840
0.032900    30.5821440
0.032880    30.5985600
0.032850    30.6149760
0.032830    30.6313920
0.032810    30.6479520
0.032780    30.6643680
0.032760    30.6807840
0.032730    30.6972000
0.032710    30.7137600
0.032690    30.7301760
0.032660    30.7465920
0.032640    30.7630080
0.032620    30.7794240
0.032590    30.7958400
0.032570    30.8122560
0.032540    30.8288160
0.032520    30.8452320
0.032500    30.8616480
0.032470    30.8780640
0.032450    30.8944800
0.032430    30.9108960
0.032400    30.9273120
0.032380    30.9437280
0.032360    30.9601440
0.032330    30.9765600
0.032310    30.9929760
0.032290    31.0093920
0.032260    31.0258080
0.032240    31.0422240
0.032220    31.0584960
0.032190    31.0749120
0.032170    31.0913280
0.032150    31.1077440
0.032130    31.1241600
0.032100    31.1404320
0.032080    31.1568480
0.032060    31.1732640
0.032030    31.1896800
0.032010    31.2059520
0.031990    31.2223680
0.031970    31.2387840
0.031940    31.2552000
0.031920    31.2714720
0.031900    31.2878880
0.031870    31.3043040
0.031850    31.3205760
0.031830    31.3369920
0.031810    31.3534080
0.031780    31.3696800
0.031760    31.3860960
0.031740    31.4025120
0.031710    31.4190720
0.031690    31.4356320
0.031670    31.4521920
0.031650    31.4687520
0.031620    31.4854560
0.031600    31.5020160
0.031580    31.5185760
0.031560    31.5352800
0.031530    31.5518400
0.031510    31.5685440
0.031490    31.5851040
0.031460    31.6018080
0.031440    31.6183680
0.031420    31.6350720
0.031400    31.6517760
0.031370    31.6683360
0.031350    31.6850400
0.031330    31.7017440
0.031310    31.7184480
0.031280    31.7350080
0.031260    31.7517120
0.031240    31.7684160
0.031220    31.7851200
0.031190    31.8018240
0.031170    31.8185280
0.031150    31.8350880
0.031130    31.8517920
0.031110    31.8684960
0.031080    31.8852000
0.031060    31.9017600
0.031040    31.9184640
0.031020    31.9351680
0.030990    31.9517280
0.030970    31.9684320
0.030950    31.9849920
0.030930    32.0015520
0.030910    32.0182560
0.030880    32.0346720
0.030860    32.0512320
0.030840    32.0677920
0.030820    32.0843520
0.030800    32.1007680
0.030780    32.1171840
0.030760    32.1334560
0.030730    32.1498720
0.030710    32.1661440
0.030690    32.1824160
0.030670    32.1985440
0.030650    32.2148160
0.030630    32.2308000
0.030610    32.2469280
0.030590    32.2627680
0.030570    32.2786080
0.030550    32.2943040
0.030530    32.3100000
0.030510    32.3254080
0.030490    32.3408160
0.030470    32.3559360
0.030450    32.3710560
0.030430    32.3857440
0.030410    32.4002880
0.030390    32.4144000
0.030370    32.4282240
0.030360    32.4413280
0.030340    32.4542880
0.030320    32.4673920
0.030310    32.4806400
0.030290    32.4937440
0.030270    32.5067040
0.030260    32.5193760
0.030240    32.5320480
0.030230    32.5444320
0.030210    32.5565280
0.030190    32.5684800
0.030180    32.5800000
0.030170    32.5912320
0.030150    32.6018880
0.030140    32.6119680
0.030130    32.6213280
0.030120    32.6298240
0.030110    32.6370240
0.030110    32.6355840
0.030110    32.6344320
0.030110    32.6334240
0.030110    32.6371680
0.030110    32.6364480
0.030110    32.6358720
0.030110    32.6352960
0.030110    32.6371680
0.030110    32.6368800
0.030110    32.6365920
0.030110    32.6377440
0.030110    32.6374560
0.030110    32.6373120
0.030110    32.6380320
0.030110    32.6378880
0.030110    32.6377440
0.030110    32.6377440
0.030110    32.6380320
0.030110    32.6380320
0.030110    32.6380320
0.030110    32.6378880
0.030110    32.6381760
0.030110    32.6380320
0.030110    32.6380320
0.030110    32.6381760
0.029048    33.5068277
0.028023    34.3998124
0.027035    35.3165959
0.026081    36.2578124
0.025162    37.2241132
0.024274    38.2161666
0.023418    39.2346591
0.022592    40.2802953
0.021795    41.3537985
0.021026    42.4559115
0.020285    43.5873967
0.019569    44.7490369
0.018879    45.9416358
0.018213    47.1660184
0.017571    48.4230319
0.016951    49.7135458
0.016353    51.0384530
0.015776    52.3986700
0.015220    53.7951380
0.014683    55.2288229
0.014165    56.7007168
0.013665    58.2118379
0.013183    59.7632316
0.012718    61.3559712
0.012270    62.9911586
0.011837    64.6699252
0.011420    66.3934322
0.011017    68.1628722
0.010628    69.9794692
0.010253    71.8444800
0.009892    73.7591949
0.009543    75.7249385
0.009206    77.7430708
0.008882    79.8149881
0.008568    81.9421236
0.008266    84.1259491
0.007974    86.3679753
0.007693    88.6697533
0.007422    91.0328757
0.007160    93.4589772
0.006908    95.9497364
0.006664    98.5068763
0.006429    101.1321661
0.006202    103.8274221
0.005983    106.5945089
0.005772    109.4353409
0.005569    112.3518833
0.005372    115.3461541
