0.145780    89.9693280
0.145720    89.8305120
0.145650    89.6918400
0.145590    89.5531680
0.145530    89.4147840
0.145460    89.2764000
0.145400    89.1381600
0.145340    88.9999200
0.145270    88.8619680
0.145210    88.7241600
0.145150    88.5864960
0.145080    88.4491200
0.145020    88.3120320
0.144960    88.1755200
0.144890    88.0392960
0.144830    87.9037920
0.144770    87.7688640
0.144710    87.6467520
0.144650    87.5232000
0.144590    87.3987840
0.144530    87.2735040
0.144470    87.1475040
0.144410    87.0206400
0.144350    86.8929120
0.144280    86.7643200
0.144220    86.6357280
0.144160    86.5074240
0.144100    86.3792640
0.144040    86.2512480
0.143970    86.1235200
0.143910    85.9960800
0.143850    85.8686400
0.143790    85.7414880
0.143730    85.6144800
0.143670    85.4877600
0.143610    85.3610400
0.143550    85.2346080
0.143490    85.1081760
0.143430    84.9820320
0.143370    84.8560320
0.143310    84.7301760
0.143250    84.6044640
0.143190    84.4788960
0.143130    84.3536160
0.143070    84.2283360
0.143010    84.1032000
0.142950    83.9783520
0.142890    83.8535040
0.142830    83.7289440
0.142770    83.6043840
0.142710    83.4801120
0.142660    83.3559840
0.142600    83.2320000
0.142540    83.1081600
0.142480    82.9844640
0.142420    82.8609120
0.142360    82.7375040
0.142310    82.6143840
0.142250    82.4912640
0.142190    82.3684320
0.142130    82.2457440
0.142080    82.1230560
0.142020    82.0006560
0.141960    81.8784000
0.141900    81.7564320
0.141850    81.6344640
0.141790    81.5126400
0.141730    81.3911040
0.141680    81.2697120
0.141620    81.1484640
0.141560    81.0273600
0.141510    80.9064000
0.141450    80.7857280
0.141390    80.6650560
0.141340    80.5446720
0.141280    80.4244320
0.141220    80.3043360
0.141170    80.1843840
0.141110    80.0647200
0.141060    79.9450560
0.141000    79.8256800
0.140940    79.7064480
0.140890    79.5873600
0.140830    79.4685600
0.140780    79.3497600
0.140720    79.2312480
0.140670    79.1128800
0.140610    78.9948000
0.140560    78.8767200
0.140500    78.7589280
0.140450    78.6411360
0.140390    78.5237760
0.140340    78.4064160
0.140280    78.2892000
0.140230    78.1722720
0.140170    78.0554880
0.140120    77.9388480
0.140070    77.8223520
0.140010    77.7061440
0.139960    77.5900800
0.139900    77.4741600
0.139850    77.3583840
0.139790    77.2428960
0.139740    77.1274080
0.139690    77.0122080
0.139630    76.8971520
0.139580    76.7823840
0.139530    76.6676160
0.139470    76.5531360
0.139420    76.4388000
0.139370    76.3247520
0.139310    76.2107040
0.139260    76.0969440
0.139210    75.9833280
0.139150    75.8698560
0.139100    75.7566720
0.139050    75.6434880
0.139000    75.5305920
0.138940    75.4179840
0.138890    75.3053760
0.138840    75.1930560
0.138790    75.0807360
0.138730    74.9688480
0.138680    74.8569600
0.138630    74.7452160
0.138580    74.6337600
0.138520    74.5224480
0.138470    74.4114240
0.138420    74.3004000
0.138370    74.1896640
0.138320    74.0790720
0.138270    73.9686240
0.138210    73.8583200
0.138160    73.7483040
0.138110    73.6384320
0.138060    73.5287040
0.138010    73.4192640
0.137960    73.3098240
0.137910    73.2006720
0.137850    73.0916640
0.137800    72.9828000
0.137750    72.8742240
0.137700    72.7657920
0.137650    72.6573600
0.137600    72.5493600
0.137550    72.4413600
0.137500    72.3336480
0.137450    72.2260800
0.137400    72.1186560
0.137350    72.0113760
0.137300    71.9042400
0.137250    71.7973920
0.137200    71.6906880
0.137150    71.5841280
0.137100    71.4778560
0.137050    71.3715840
0.137000    71.2656000
0.136950    71.1597600
0.136900    71.0542080
0.136850    70.9486560
0.136800    70.8433920
0.136750    70.7382720
0.136700    70.6332960
0.136650    70.5284640
0.136600    70.4239200
0.136550    70.3193760
0.136500    70.2151200
0.136450    70.1110080
0.136400    70.0071840
0.136360    69.9033600
0.136310    69.7998240
0.136260    69.6964320
0.136210    69.5931840
0.136160    69.4902240
0.136110    69.3872640
0.136060    69.2845920
0.136010    69.1820640
0.135970    69.0796800
0.135920    68.9775840
0.135870    68.8754880
0.135820    68.7736800
0.135770    68.6720160
0.135720    68.5704960
0.135680    68.4691200
0.135630    68.3680320
0.135580    68.2669440
0.135530    68.1661440
0.135490    68.0654880
0.135440    67.9651200
0.135390    67.8648960
0.135340    67.7648160
0.135290    67.6648800
0.135250    67.5652320
0.135200    67.4657280
0.135150    67.3663680
0.135110    67.2672960
0.135060    67.1682240
0.135010    67.0694400
0.134960    66.9708000
0.134920    66.8724480
0.134870    66.7740960
0.134820    66.6760320
0.134780    66.5781120
0.134730    66.4803360
0.134680    66.3827040
0.134640    66.2853600
0.134590    66.1880160
0.134540    66.0909600
0.134500    65.9940480
0.134450    65.8974240
0.134400    65.8008000
0.134360    65.7044640
0.134310    65.6082720
0.134260    65.5122240
0.134220    65.4163200
0.134170    65.3205600
0.134120    65.2250880
0.134080    65.1297600
0.134030    65.0345760
0.133990    64.9395360
0.133940    64.8446400
0.133890    64.7498880
0.133850    64.6554240
0.133800    64.5609600
0.133760    64.4667840
0.133710    64.3727520
0.133670    64.2788640
0.133620    64.1852640
0.133580    64.0916640
0.133530    63.9983520
0.133480    63.9050400
0.133440    63.8120160
0.133390    63.7191360
0.133350    63.6264000
0.133300    63.5338080
0.133260    63.4415040
0.133210    63.3492000
0.133170    63.2571840
0.133120    63.1651680
0.133080    63.0734400
0.133030    62.9818560
0.132990    62.8904160
0.132950    62.7992640
0.132900    62.7081120
0.132860    62.6171040
0.132810    62.5263840
0.132770    62.4356640
0.132720    62.3452320
0.132680    62.2549440
0.132630    62.1648000
0.132590    62.0748000
0.132550    61.9849440
0.132500    61.8952320
0.132460    61.8056640
0.132410    61.7163840
0.132370    61.6271040
0.132330    61.5381120
0.132280    61.4491200
0.132240    61.3604160
0.132200    61.2718560
0.132150    61.1834400
0.132110    61.0951680
0.132070    61.0070400
0.132020    60.9190560
0.131980    60.8312160
0.131940    60.7435200
0.131890    60.6559680
0.131850    60.5687040
0.131810    60.4814400
0.131760    60.3944640
0.131720    60.3074880
0.131680    60.2208000
0.131630    60.1342560
0.131590    60.0478560
0.131550    59.9616000
0.131510    59.8754880
0.131460    59.7895200
0.131420    59.7036960
0.131380    59.6180160
0.131340    59.5324800
0.131290    59.4470880
0.131250    59.3618400
0.131210    59.2768800
0.131170    59.1919200
0.131120    59.1072480
0.131080    59.0225760
0.131040    58.9381920
0.131000    58.8538080
0.130960    58.7697120
0.130910    58.6857600
0.130870    58.6018080
0.130830    58.5181440
0.130790    58.4346240
0.130750    58.3512480
0.130710    58.2680160
0.130660    58.1849280
0.130620    58.1019840
0.130580    58.0191840
0.130540    57.9365280
0.130500    57.8540160
0.130460    57.7716480
0.130420    57.6894240
0.130370    57.6073440
0.130330    57.5255520
0.130290    57.4437600
0.130250    57.3621120
0.130210    57.2807520
0.130170    57.1993920
0.130130    57.1181760
0.130090    57.0372480
0.130050    56.9563200
0.130010    56.8756800
0.129970    56.7950400
0.129930    56.7146880
0.129890    56.6343360
0.129850    56.5542720
0.129800    56.4742080
0.129760    56.3944320
0.129720    56.3146560
0.129680    56.2351680
0.129640    56.1556800
0.129600    56.0764800
0.129560    55.9974240
0.129520    55.9183680
0.129480    55.8396000
0.129440    55.7609760
0.129400    55.6823520
0.129360    55.6040160
0.129330    55.5258240
0.129290    55.4476320
0.129250    55.3697280
0.129210    55.2919680
0.129170    55.2142080
0.129130    55.1367360
0.129090    55.0594080
0.129050    54.9822240
0.129010    54.9051840
0.128970    54.8281440
0.128930    54.7513920
0.128890    54.6747840
0.128850    54.5983200
0.128820    54.5220000
0.128780    54.4458240
0.128740    54.3696480
0.128700    54.2937600
0.128660    54.2180160
0.128620    54.1424160
0.128580    54.0669600
0.128540    53.9916480
0.128510    53.9164800
0.128470    53.8414560
0.128430    53.7664320
0.128390    53.6916960
0.128350    53.6171040
0.128310    53.5426560
0.128280    53.4683520
0.128240    53.3941920
0.128200    53.3201760
0.128160    53.2461600
0.128120    53.1724320
0.128090    53.0988480
0.128050    53.0254080
0.128010    52.9521120
0.127970    52.8788160
0.127940    52.8058080
0.127900    52.7329440
0.127860    52.6602240
0.127820    52.5875040
0.127790    52.5150720
0.127750    52.4427840
0.127710    52.3704960
0.127670    52.2984960
0.127640    52.2264960
0.127600    52.1547840
0.127560    52.0830720
0.127530    52.0116480
0.127490    51.9402240
0.127450    51.8690880
0.127420    51.7979520
0.127380    51.7269600
0.127340    51.6562560
0.127310    51.5855520
0.127270    51.5149920
0.127230    51.4445760
0.127200    51.3743040
0.127160    51.3043200
0.127120    51.2343360
0.127090    51.1644960
0.127050    51.0946560
0.127010    51.0251040
0.126980    50.9556960
0.126940    50.8864320
0.126910    50.8173120
0.126870    50.7481920
0.126830    50.6793600
0.126800    50.6105280
0.126760    50.5419840
0.126730    50.4734400
0.126690    50.4051840
0.126650    50.3369280
0.126620    50.2688160
0.126580    50.2009920
0.126550    50.1331680
0.126510    50.0654880
0.126480    49.9979520
0.126440    49.9304160
0.126410    49.8631680
0.126370    49.7960640
0.126340    49.7291040
0.126300    49.6621440
0.126260    49.5954720
0.126230    49.5288000
0.126190    49.4624160
0.126160    49.3960320
0.126120    49.3297920
0.126090    49.2636960
0.126060    49.1977440
0.126020    49.1319360
0.125990    49.0662720
0.125950    49.0007520
0.125920    48.9352320
0.125880    48.8700000
0.125850    48.8047680
0.125810    48.7398240
0.125780    48.6748800
0.125740    48.6100800
0.125710    48.5454240
0.125680    48.4809120
0.125640    48.4165440
0.125610    48.3523200
0.125570    48.2882400
0.125540    48.2241600
0.125500    48.1603680
0.125470    48.0965760
0.125440    48.0329280
0.125400    47.9694240
0.125370    47.9062080
0.125330    47.8429920
0.125300    47.7794880
0.125270    47.7162720
0.125230    47.6534880
0.125200    47.5912800
0.125170    47.5295040
0.125140    47.4684480
0.125100    47.4076800
0.125070    47.3473440
0.125040    47.2871520
0.125010    47.2271040
0.124980    47.1669120
0.124950    47.1065760
0.124910    47.0460960
0.124880    46.9853280
0.124850    46.9245600
0.124820    46.8635040
0.124780    46.8025920
0.124750    46.7415360
0.124720    46.6806240
0.124680    46.6197120
0.124650    46.5589440
0.124620    46.4981760
0.124590    46.4375520
0.124550    46.3770720
0.124520    46.3165920
0.124490    46.2562560
0.124460    46.1960640
0.124420    46.1360160
0.124390    46.0759680
0.124360    46.0160640
0.124330    45.9563040
0.124290    45.8966880
0.124260    45.8372160
0.124230    45.7777440
0.124200    45.7184160
0.124160    45.6593760
0.124130    45.6001920
0.124100    45.5412960
0.124070    45.4825440
0.124030    45.4237920
0.124000    45.3651840
0.123970    45.3067200
0.123940    45.2484000
0.123910    45.1902240
0.123870    45.1321920
0.123840    45.0741600
0.123810    45.0162720
0.123780    44.9585280
0.123750    44.9009280
0.123710    44.8434720
0.123680    44.7860160
0.123650    44.7288480
0.123620    44.6716800
0.123590    44.6146560
0.123550    44.5577760
0.123520    44.5010400
0.123490    44.4443040
0.123460    44.3877120
0.123430    44.3314080
0.123400    44.2751040
0.123370    44.2188000
0.123330    44.1627840
0.123300    44.1067680
0.123270    44.0510400
0.123240    43.9953120
0.123210    43.9397280
0.123180    43.8841440
0.123150    43.8288480
0.123120    43.7735520
0.123090    43.7184000
0.123050    43.6633920
0.123020    43.6085280
0.122990    43.5538080
0.122960    43.4990880
0.122930    43.4445120
0.122900    43.3900800
0.122870    43.3357920
0.122840    43.2816480
0.122810    43.2275040
0.122780    43.1735040
0.122750    43.1196480
0.122720    43.0659360
0.122690    43.0123680
0.122660    42.9588000
0.122620    42.9053760
0.122590    42.8520960
0.122560    42.7989600
0.122530    42.7458240
0.122500    42.6929760
0.122470    42.6401280
0.122440    42.5874240
0.122410    42.5347200
0.122380    42.4823040
0.122350    42.4298880
0.122320    42.3776160
0.122290    42.3254880
0.122260    42.2733600
0.122230    42.2215200
0.122200    42.1696800
0.122170    42.1178400
0.122140    42.0662880
0.122110    42.0148800
0.122080    41.9634720
0.122050    41.9122080
0.122030    41.8609440
0.122000    41.8099680
0.121970    41.7589920
0.121940    41.7081600
0.121910    41.6574720
0.121880    41.6067840
0.121850    41.5563840
0.121820    41.5059840
0.121790    41.4557280
0.121760    41.4054720
0.121730    41.3553600
0.121700    41.3053920
0.121670    41.2555680
0.121640    41.2058880
0.121610    41.1562080
0.121590    41.1066720
0.121560    41.0572800
0.121530    41.0078880
0.121500    40.9587840
0.121470    40.9096800
0.121440    40.8605760
0.121410    40.8117600
0.121380    40.7629440
0.121350    40.7142720
0.121330    40.6656000
0.121300    40.6172160
0.121270    40.5688320
0.121240    40.5205920
0.121210    40.4723520
0.121180    40.4244000
0.121150    40.3764480
0.121130    40.3284960
0.121100    40.2808320
0.121070    40.2331680
0.121040    40.1856480
0.121010    40.1376960
0.120980    40.0900320
0.120950    40.0429440
0.120930    39.9965760
0.120900    39.9509280
0.120870    39.9055680
0.120850    39.8603520
0.120820    39.8149920
0.120790    39.7694880
0.120770    39.7235520
0.120740    39.6774720
0.120710    39.6312480
0.120690    39.5848800
0.120660    39.5386560
0.120630    39.4922880
0.120600    39.4462080
0.120570    39.3999840
0.120550    39.3539040
0.120520    39.3079680
0.120490    39.2621760
0.120460    39.2163840
0.120430    39.1705920
0.120410    39.1249440
0.120380    39.0794400
0.120350    39.0340800
0.120320    38.9887200
0.120300    38.9433600
0.120270    38.8982880
0.120240    38.8532160
0.120210    38.8082880
0.120180    38.7633600
0.120160    38.7185760
0.120130    38.6739360
0.120100    38.6292960
0.120070    38.5848000
0.120050    38.5403040
0.120020    38.4960960
0.119990    38.4518880
0.119960    38.4076800
0.119940    38.3637600
0.119910    38.3196960
0.119880    38.2759200
0.119850    38.2321440
0.119830    38.1885120
0.119800    38.1450240
0.119770    38.1015360
0.119740    38.0581920
0.119720    38.0148480
0.119690    37.9716480
0.119660    37.9285920
0.119640    37.8855360
0.119610    37.8426240
0.119580    37.7998560
0.119550    37.7570880
0.119530    37.7144640
0.119500    37.6719840
0.119470    37.6295040
0.119450    37.5871680
0.119420    37.5449760
0.119390    37.5027840
0.119360    37.4607360
0.119340    37.4186880
0.119310    37.3767840
0.119280    37.3350240
0.119260    37.2932640
0.119230    37.2516480
0.119200    37.2101760
0.119180    37.1687040
0.119150    37.1273760
0.119120    37.0860480
0.119100    37.0448640
0.119070    37.0038240
0.119040    36.9627840
0.119020    36.9218880
0.118990    36.8811360
0.118960    36.8403840
0.118940    36.7997760
0.118910    36.7591680
0.118880    36.7187040
0.118860    36.6783840
0.118830    36.6380640
0.118800    36.5978880
0.118780    36.5577120
0.118750    36.5176800
0.118720    36.4777920
0.118700    36.4379040
0.118670    36.3981600
0.118640    36.3584160
0.118620    36.3188160
0.118590    36.2793600
0.118570    36.2399040
0.118540    36.2004480
0.118510    36.1612800
0.118490    36.1221120
0.118460    36.0830880
0.118430    36.0436320
0.118410    36.0041760
0.118380    35.9652960
0.118360    35.9269920
0.118330    35.8894080
0.118310    35.8519680
0.118280    35.8146720
0.118260    35.7770880
0.118230    35.7395040
0.118210    35.7014880
0.118180    35.6633280
0.118160    35.6251680
0.118130    35.5870080
0.118110    35.5487040
0.118080    35.5105440
0.118050    35.4725280
0.118030    35.4345120
0.118000    35.3966400
0.117980    35.3587680
0.117950    35.3208960
0.117920    35.2831680
0.117900    35.2455840
0.117870    35.2080000
0.117850    35.1704160
0.117820    35.1329760
0.117790    35.0956800
0.117770    35.0583840
0.117740    35.0212320
0.117720    34.9840800
0.117690    34.9469280
0.117660    34.9100640
0.117640    34.8730560
0.117610    34.8363360
0.117590    34.7996160
0.117560    34.7628960
0.117530    34.7263200
0.117510    34.6897440
0.117480    34.6533120
0.117460    34.6170240
0.117430    34.5807360
0.117410    34.5444480
0.117380    34.5083040
0.117350    34.4723040
0.117330    34.4363040
0.117300    34.4004480
0.117280    34.3645920
0.117250    34.3288800
0.117220    34.2931680
0.117200    34.2576000
0.117170    34.2220320
0.117150    34.1866080
0.117120    34.1511840
0.117100    34.1159040
0.117070    34.0807680
0.117050    34.0456320
0.117020    34.0104960
0.116990    33.9755040
0.116970    33.9405120
0.116940    33.9056640
0.116920    33.8709600
0.116890    33.8362560
0.116870    33.8015520
0.116840    33.7669920
0.116810    33.7325760
0.116790    33.6981600
0.116760    33.6637440
0.116740    33.6294720
0.116710    33.5953440
0.116690    33.5612160
0.116660    33.5272320
0.116640    33.4932480
0.116610    33.4592640
0.116590    33.4254240
0.116560    33.3917280
0.116530    33.3580320
0.116510    33.3243360
0.116480    33.2907840
0.116460    33.2573760
0.116430    33.2239680
0.116410    33.1905600
0.116380    33.1574400
0.116360    33.1238880
0.116330    33.0901920
0.116310    33.0570720
0.116280    33.0245280
0.116260    32.9924160
0.116230    32.9604480
0.116210    32.9284800
0.116190    32.8965120
0.116160    32.8642560
0.116140    32.8318560
0.116110    32.7993120
0.116090    32.7666240
0.116060    32.7340800
0.116040    32.7015360
0.116010    32.6689920
0.115990    32.6365920
0.115960    32.6041920
0.115940    32.5717920
0.115910    32.5395360
0.115890    32.5072800
0.115860    32.4751680
0.115840    32.4430560
0.115810    32.4110880
0.115780    32.3791200
0.115760    32.3471520
0.115730    32.3153280
0.115710    32.2835040
0.115680    32.2518240
0.115660    32.2201440
0.115630    32.1886080
0.115610    32.1570720
0.115580    32.1255360
0.115560    32.0941440
0.115530    32.0628960
0.115510    32.0315040
0.115480    32.0004000
0.115450    31.9691520
0.115430    31.9381920
0.115400    31.9070880
0.115380    31.8761280
0.115350    31.8453120
0.115330    31.8144960
0.115300    31.7836800
0.115280    31.7530080
0.115250    31.7223360
0.115230    31.6916640
0.115200    31.6612800
0.115180    31.6307520
0.115150    31.6003680
0.115120    31.5699840
0.115100    31.5397440
0.115070    31.5095040
0.115050    31.4794080
0.115020    31.4493120
0.115000    31.4193600
0.114970    31.3894080
0.114950    31.3594560
0.114920    31.3296480
0.114900    31.2998400
0.114870    31.2701760
0.114850    31.2405120
0.114820    31.2108480
0.114790    31.1813280
0.114770    31.1518080
0.114740    31.1217120
0.114720    31.0920480
0.114690    31.0626720
0.114670    31.0332960
0.114640    31.0042080
0.114620    30.9749760
0.114590    30.9460320
0.114570    30.9170880
0.114540    30.8881440
0.114520    30.8593440
0.114490    30.8302560
0.114470    30.8010240
0.114440    30.7722240
0.114420    30.7437120
0.114390    30.7156320
0.114370    30.6878400
0.114350    30.6600480
0.114320    30.6322560
0.114300    30.6043200
0.114270    30.5762400
0.114250    30.5480160
0.114220    30.5196480
0.114200    30.4914240
0.114170    30.4632000
0.114150    30.4349760
0.114120    30.4067520
0.114100    30.3786720
0.114070    30.3507360
0.114050    30.3226560
0.114020    30.2947200
0.114000    30.2669280
0.113970    30.2389920
0.113950    30.2112000
0.113920    30.1835520
0.113900    30.1559040
0.113870    30.1282560
0.113850    30.1006080
0.113820    30.0731040
0.113790    30.0456000
0.113770    30.0182400
0.113740    29.9908800
0.113720    29.9635200
0.113690    29.9363040
0.113670    29.9090880
0.113640    29.8818720
0.113620    29.8548000
0.113590    29.8277280
0.113560    29.8008000
0.113540    29.7738720
0.113510    29.7469440
0.113490    29.7200160
0.113460    29.6932320
0.113440    29.6665920
0.113410    29.6398080
0.113380    29.6131680
0.113360    29.5866720
0.113330    29.5600320
0.113310    29.5335360
0.113280    29.5071840
0.113260    29.4808320
0.113230    29.4544800
0.113200    29.4281280
0.113180    29.4019200
0.113150    29.3757120
0.113130    29.3496480
0.113100    29.3235840
0.113070    29.2975200
0.113050    29.2716000
0.113020    29.2456800
0.113000    29.2197600
0.112970    29.1939840
0.112940    29.1682080
0.112920    29.1424320
0.112890    29.1168000
0.112870    29.0911680
0.112840    29.0655360
0.112810    29.0400480
0.112790    29.0145600
0.112760    28.9892160
0.112740    28.9637280
0.112710    28.9385280
0.112680    28.9128960
0.112660    28.8872640
0.112630    28.8617760
0.112610    28.8367200
0.112580    28.8119520
0.112560    28.7871840
0.112530    28.7627040
0.112510    28.7382240
0.112480    28.7137440
0.112460    28.6889760
0.112430    28.6643520
0.112410    28.6394400
0.112380    28.6146720
0.112350    28.5899040
0.112330    28.5649920
0.112300    28.5403680
0.112270    28.5156000
0.112250    28.4909760
0.112220    28.4663520
0.112200    28.4418720
0.112170    28.4173920
0.112140    28.3929120
0.112120    28.3684320
0.112090    28.3440960
0.112060    28.3197600
0.112040    28.2954240
0.112010    28.2712320
0.111980    28.2470400
0.111960    28.2228480
0.111930    28.1988000
0.111900    28.1747520
0.111880    28.1507040
0.111850    28.1266560
0.111820    28.1027520
0.111800    28.0788480
0.111770    28.0550880
0.111740    28.0311840
0.111710    28.0075680
0.111690    27.9838080
0.111660    27.9601920
0.111630    27.9365760
0.111610    27.9129600
0.111580    27.8894880
0.111550    27.8658720
0.111530    27.8425440
0.111500    27.8190720
0.111470    27.7957440
0.111440    27.7724160
0.111420    27.7492320
0.111390    27.7260480
0.111360    27.7028640
0.111340    27.6796800
0.111310    27.6566400
0.111280    27.6336000
0.111250    27.6107040
0.111230    27.5876640
0.111200    27.5649120
0.111170    27.5420160
0.111150    27.5192640
0.111120    27.4965120
0.111090    27.4737600
0.111060    27.4511520
0.111040    27.4285440
0.111010    27.4059360
0.110980    27.3834720
0.110950    27.3610080
0.110930    27.3385440
0.110900    27.3162240
0.110870    27.2939040
0.110850    27.2717280
0.110820    27.2494080
0.110790    27.2268000
0.110760    27.2043360
0.110730    27.1820160
0.110710    27.1598400
0.110680    27.1379520
0.110650    27.1160640
0.110630    27.0944640
0.110600    27.0728640
0.110580    27.0512640
0.110550    27.0296640
0.110520    27.0079200
0.110500    26.9861760
0.110470    26.9644320
0.110440    26.9428320
0.110410    26.9210880
0.110390    26.8994880
0.110360    26.8780320
0.110330    26.8564320
0.110300    26.8351200
0.110280    26.8136640
0.110250    26.7923520
0.110220    26.7710400
0.110190    26.7497280
0.110160    26.7285600
0.110140    26.7073920
0.110110    26.6862240
0.110080    26.6652000
0.110050    26.6441760
0.110030    26.6230080
0.110000    26.6019840
0.109970    26.5809600
0.109940    26.5600800
0.109910    26.5392000
0.109890    26.5184640
0.109860    26.4977280
0.109830    26.4771360
0.109800    26.4565440
0.109770    26.4359520
0.109750    26.4153600
0.109720    26.3949120
0.109690    26.3744640
0.109660    26.3541600
0.109630    26.3338560
0.109610    26.3135520
0.109580    26.2932480
0.109550    26.2730880
0.109520    26.2529280
0.109490    26.2327680
0.109460    26.2127520
0.109440    26.1927360
0.109410    26.1728640
0.109380    26.1528480
0.109350    26.1329760
0.109320    26.1132480
0.109290    26.0933760
0.109270    26.0736480
0.109240    26.0539200
0.109210    26.0343360
0.109180    26.0147520
0.109150    25.9951680
0.109120    25.9757280
0.109100    25.9561440
0.109070    25.9368480
0.109040    25.9174080
0.109010    25.8981120
0.108980    25.8788160
0.108950    25.8595200
0.108930    25.8403680
0.108900    25.8212160
0.108870    25.8020640
0.108840    25.7830560
0.108810    25.7640480
0.108780    25.7450400
0.108750    25.7261760
0.108720    25.7070240
0.108700    25.6878720
0.108670    25.6688640
0.108640    25.6497120
0.108610    25.6308480
0.108580    25.6119840
0.108550    25.5931200
0.108520    25.5745440
0.108500    25.5558240
0.108470    25.5373920
0.108440    25.5188160
0.108410    25.5003840
0.108390    25.4819520
0.108360    25.4635200
0.108330    25.4450880
0.108300    25.4268000
0.108270    25.4085120
0.108240    25.3903680
0.108210    25.3720800
0.108190    25.3540800
0.108160    25.3359360
0.108130    25.3179360
0.108100    25.2999360
0.108070    25.2820800
0.108040    25.2640800
0.108010    25.2463680
0.107980    25.2285120
0.107950    25.2106560
0.107920    25.1929440
0.107900    25.1753760
0.107870    25.1576640
0.107840    25.1400960
0.107810    25.1225280
0.107780    25.1049600
0.107750    25.0875360
0.107720    25.0701120
0.107690    25.0526880
0.107660    25.0354080
0.107630    25.0179840
0.107600    25.0008480
0.107570    24.9835680
0.107540    24.9664320
0.107510    24.9492960
0.107490    24.9321600
0.107460    24.9150240
0.107430    24.8980320
0.107400    24.8810400
0.107370    24.8641920
0.107340    24.8472000
0.107310    24.8303520
0.107280    24.8135040
0.107250    24.7968000
0.107220    24.7800960
0.107190    24.7633920
0.107160    24.7466880
0.107130    24.7301280
0.107100    24.7135680
0.107070    24.6970080
0.107040    24.6804480
0.107010    24.6640320
0.106980    24.6476160
0.106950    24.6312000
0.106920    24.6149280
0.106890    24.5986560
0.106860    24.5823840
0.106830    24.5659680
0.106800    24.5498400
0.106780    24.5335680
0.106750    24.5174400
0.106720    24.5014560
0.106690    24.4854720
0.106660    24.4694880
0.106630    24.4535040
0.106600    24.4376640
0.106570    24.4216800
0.106540    24.4059840
0.106510    24.3901440
0.106480    24.3744480
0.106450    24.3587520
0.106420    24.3430560
0.106390    24.3275040
0.106360    24.3119520
0.106330    24.2964000
0.106300    24.2809920
0.106270    24.2655840
0.106240    24.2501760
0.106210    24.2347680
0.106180    24.2195040
0.106150    24.2042400
0.106120    24.1888320
0.106090    24.1734240
0.106060    24.1581600
0.106030    24.1428960
0.106000    24.1276320
0.105970    24.1125120
0.105940    24.0973920
0.105910    24.0824160
0.105880    24.0674400
0.105850    24.0524640
0.105820    24.0376320
0.105790    24.0228000
0.105760    24.0079680
0.105730    23.9932800
0.105710    23.9785920
0.105680    23.9639040
0.105650    23.9493600
0.105620    23.9348160
0.105590    23.9202720
0.105560    23.9058720
0.105530    23.8913280
0.105500    23.8770720
0.105470    23.8626720
0.105440    23.8484160
0.105410    23.8343040
0.105380    23.8200480
0.105350    23.8059360
0.105320    23.7919680
0.105290    23.7778560
0.105260    23.7638880
0.105230    23.7499200
0.105200    23.7360960
0.105170    23.7222720
0.105140    23.7084480
0.105120    23.6947680
0.105090    23.6809440
0.105060    23.6672640
0.105030    23.6537280
0.105000    23.6401920
0.104970    23.6265120
0.104940    23.6131200
0.104910    23.5995840
0.104880    23.5861920
0.104850    23.5728000
0.104820    23.5595520
0.104790    23.5461600
0.104760    23.5329120
0.104730    23.5198080
0.104700    23.5065600
0.104670    23.4934560
0.104640    23.4803520
0.104610    23.4672480
0.104580    23.4542880
0.104550    23.4413280
0.104520    23.4283680
0.104490    23.4155520
0.104460    23.4027360
0.104430    23.3899200
0.104400    23.3771040
0.104370    23.3644320
0.104340    23.3517600
0.104310    23.3390880
0.104280    23.3264160
0.104250    23.3138880
0.104220    23.3013600
0.104200    23.2888320
0.104170    23.2764480
0.104140    23.2640640
0.104110    23.2516800
0.104080    23.2392960
0.104050    23.2270560
0.104020    23.2148160
0.103990    23.2025760
0.103960    23.1904800
0.103930    23.1782400
0.103900    23.1661440
0.103870    23.1541920
0.103840    23.1420960
0.103810    23.1301440
0.103780    23.1181920
0.103750    23.1062400
0.103720    23.0944320
0.103690    23.0826240
0.103660    23.0708160
0.103640    23.0590080
0.103610    23.0473440
0.103580    23.0356800
0.103550    23.0240160
0.103520    23.0123520
0.103490    23.0008320
0.103460    22.9893120
0.103430    22.9777920
0.103400    22.9662720
0.103370    22.9548960
0.103340    22.9435200
0.103310    22.9321440
0.103280    22.9207680
0.103250    22.9095360
0.103230    22.8981600
0.103200    22.8870720
0.103170    22.8758400
0.103140    22.8647520
0.103110    22.8535200
0.103080    22.8424320
0.103050    22.8314880
0.103020    22.8204000
0.102990    22.8094560
0.102960    22.7985120
0.102930    22.7875680
0.102910    22.7767680
0.102880    22.7659680
0.102850    22.7551680
0.102820    22.7443680
0.102790    22.7335680
0.102760    22.7229120
0.102730    22.7122560
0.102700    22.7016000
0.102670    22.6909440
0.102640    22.6804320
0.102620    22.6699200
0.102590    22.6594080
0.102560    22.6488960
0.102530    22.6383840
0.102500    22.6280160
0.102470    22.6176480
0.102440    22.6072800
0.102410    22.5970560
0.102380    22.5866880
0.102360    22.5764640
0.102330    22.5662400
0.102300    22.5560160
0.102270    22.5459360
0.102240    22.5357120
0.102210    22.5256320
0.102180    22.5155520
0.102150    22.5056160
0.102120    22.4955360
0.102100    22.4856000
0.102070    22.4756640
0.102040    22.4657280
0.102010    22.4557920
0.101980    22.4460000
0.101950    22.4362080
0.101920    22.4264160
0.101890    22.4166240
0.101870    22.4068320
0.101840    22.3971840
0.101810    22.3875360
0.101780    22.3778880
0.101750    22.3682400
0.101720    22.3587360
0.101690    22.3490880
0.101660    22.3394400
0.101630    22.3299360
0.101610    22.3202880
0.101580    22.3107840
0.101550    22.3012800
0.101520    22.2917760
0.101490    22.2822720
0.101460    22.2729120
0.101430    22.2634080
0.101400    22.2540480
0.101370    22.2446880
0.101340    22.2353280
0.101320    22.2259680
0.101290    22.2166080
0.101260    22.2072480
0.101230    22.1980320
0.101200    22.1888160
0.101170    22.1796000
0.101140    22.1703840
0.101110    22.1611680
0.101090    22.1519520
0.101060    22.1428800
0.101030    22.1338080
0.101000    22.1247360
0.100970    22.1156640
0.100940    22.1065920
0.100910    22.0976640
0.100880    22.0887360
0.100860    22.0798080
0.100830    22.0708800
0.100800    22.0619520
0.100770    22.0531680
0.100740    22.0442400
0.100710    22.0354560
0.100680    22.0268160
0.100650    22.0180320
0.100630    22.0093920
0.100600    22.0006080
0.100570    21.9919680
0.100540    21.9834720
0.100510    21.9748320
0.100480    21.9663360
0.100450    21.9578400
0.100430    21.9493440
0.100400    21.9408480
0.100370    21.9323520
0.100340    21.9240000
0.100310    21.9155040
0.100280    21.9071520
0.100250    21.8989440
0.100220    21.8905920
0.100200    21.8822400
0.100170    21.8740320
0.100140    21.8658240
0.100110    21.8576160
0.100080    21.8494080
0.100050    21.8412000
0.100020    21.8331360
0.099990    21.8249280
0.099970    21.8168640
0.099940    21.8088000
0.099910    21.8007360
0.099880    21.7926720
0.099850    21.7846080
0.099820    21.7765440
0.099790    21.7686240
0.099760    21.7605600
0.099730    21.7526400
0.099700    21.7447200
0.099680    21.7368000
0.099650    21.7288800
0.099620    21.7211040
0.099590    21.7131840
0.099560    21.7054080
0.099530    21.6974880
0.099500    21.6897120
0.099470    21.6819360
0.099440    21.6741600
0.099410    21.6665280
0.099380    21.6587520
0.099360    21.6511200
0.099330    21.6433440
0.099300    21.6357120
0.099270    21.6280800
0.099240    21.6204480
0.099210    21.6129600
0.099180    21.6053280
0.099150    21.5978400
0.099120    21.5902080
0.099090    21.5827200
0.099060    21.5752320
0.099030    21.5677440
0.099010    21.5604000
0.098980    21.5529120
0.098950    21.5454240
0.098920    21.5380800
0.098890    21.5307360
0.098860    21.5233920
0.098830    21.5160480
0.098800    21.5087040
0.098770    21.5013600
0.098740    21.4941600
0.098710    21.4868160
0.098680    21.4796160
0.098650    21.4724160
0.098620    21.4652160
0.098590    21.4580160
0.098560    21.4508160
0.098530    21.4437600
0.098500    21.4365600
0.098480    21.4295040
0.098450    21.4224480
0.098420    21.4153920
0.098390    21.4083360
0.098360    21.4012800
0.098330    21.3942240
0.098300    21.3873120
0.098270    21.3802560
0.098240    21.3733440
0.098210    21.3664320
0.098180    21.3595200
0.098150    21.3526080
0.098120    21.3456960
0.098090    21.3389280
0.098060    21.3320160
0.098030    21.3252480
0.098000    21.3184800
0.097970    21.3117120
0.097940    21.3049440
0.097910    21.2981760
0.097880    21.2914080
0.097850    21.2847840
0.097820    21.2780160
0.097790    21.2713920
0.097760    21.2647680
0.097730    21.2581440
0.097700    21.2515200
0.097670    21.2448960
0.097640    21.2382720
0.097610    21.2317920
0.097580    21.2251680
0.097550    21.2186880
0.097520    21.2122080
0.097490    21.2057280
0.097460    21.1992480
0.097430    21.1927680
0.097400    21.1864320
0.097370    21.1799520
0.097340    21.1736160
0.097310    21.1672800
0.097280    21.1609440
0.097250    21.1546080
0.097220    21.1482720
0.097190    21.1419360
0.097160    21.1356000
0.097130    21.1294080
0.097090    21.1232160
0.097060    21.1168800
0.097030    21.1106880
0.097000    21.1044960
0.096970    21.0984480
0.096940    21.0922560
0.096910    21.0860640
0.096880    21.0800160
0.096850    21.0739680
0.096820    21.0679200
0.096790    21.0617280
0.096760    21.0558240
0.096730    21.0497760
0.096700    21.0437280
0.096670    21.0378240
0.096630    21.0317760
0.096600    21.0258720
0.096570    21.0199680
0.096540    21.0140640
0.096510    21.0081600
0.096480    21.0022560
0.096450    20.9963520
0.096420    20.9905920
0.096390    20.9846880
0.096350    20.9789280
0.096320    20.9731680
0.096290    20.9672640
0.096260    20.9615040
0.096230    20.9557440
0.096200    20.9499840
0.096170    20.9442240
0.096130    20.9384640
0.096100    20.9328480
0.096070    20.9270880
0.096040    20.9213280
0.096010    20.9157120
0.095980    20.9100960
0.095940    20.9044800
0.095910    20.8987200
0.095880    20.8931040
0.095850    20.8876320
0.095820    20.8820160
0.095780    20.8764000
0.095750    20.8709280
0.095720    20.8653120
0.095690    20.8598400
0.095660    20.8543680
0.095630    20.8488960
0.095590    20.8434240
0.095560    20.8380960
0.095530    20.8326240
0.095500    20.8272960
0.095470    20.8219680
0.095430    20.8166400
0.095400    20.8113120
0.095370    20.8059840
0.095340    20.8008000
0.095300    20.7954720
0.095270    20.7902880
0.095240    20.7851040
0.095210    20.7799200
0.095180    20.7748800
0.095140    20.7696960
0.095110    20.7646560
0.095080    20.7596160
0.095050    20.7545760
0.095010    20.7495360
0.094980    20.7444960
0.094950    20.7396000
0.094920    20.7345600
0.094880    20.7296640
0.094850    20.7247680
0.094820    20.7198720
0.094790    20.7151200
0.094750    20.7102240
0.094720    20.7053280
0.094690    20.7005760
0.094660    20.6958240
0.094620    20.6910720
0.094590    20.6863200
0.094560    20.6815680
0.094530    20.6768160
0.094490    20.6722080
0.094460    20.6676000
0.094430    20.6628480
0.094390    20.6582400
0.094360    20.6536320
0.094330    20.6491680
0.094300    20.6445600
0.094260    20.6399520
0.094230    20.6354880
0.094200    20.6310240
0.094160    20.6264160
0.094130    20.6219520
0.094100    20.6176320
0.094060    20.6131680
0.094030    20.6087040
0.094000    20.6043840
0.093960    20.5999200
0.093930    20.5956000
0.093900    20.5912800
0.093860    20.5869600
0.093830    20.5826400
0.093800    20.5784640
0.093760    20.5741440
0.093730    20.5699680
0.093700    20.5657920
0.093660    20.5616160
0.093630    20.5574400
0.093600    20.5532640
0.093560    20.5490880
0.093530    20.5449120
0.093490    20.5408800
0.093460    20.5368480
0.093430    20.5326720
0.093390    20.5286400
0.093360    20.5246080
0.093330    20.5207200
0.093290    20.5166880
0.093260    20.5126560
0.093220    20.5087680
0.093190    20.5048800
0.093160    20.5009920
0.093120    20.4971040
0.093090    20.4932160
0.093050    20.4893280
0.093020    20.4855840
0.092990    20.4816960
0.092950    20.4779520
0.092920    20.4742080
0.092880    20.4704640
0.092850    20.4667200
0.092810    20.4629760
0.092780    20.4592320
0.092750    20.4556320
0.092710    20.4520320
0.092680    20.4482880
0.092640    20.4446880
0.092610    20.4410880
0.092570    20.4376320
0.092540    20.4340320
0.092500    20.4304320
0.092470    20.4269760
0.092430    20.4235200
0.092400    20.4200640
0.092360    20.4166080
0.092330    20.4131520
0.092290    20.4096960
0.092260    20.4063840
0.092220    20.4029280
0.092190    20.3996160
0.092150    20.3963040
0.092120    20.3929920
0.092080    20.3896800
0.092050    20.3863680
0.092010    20.3832000
0.091980    20.3798880
0.091940    20.3767200
0.091900    20.3735520
0.091870    20.3703840
0.091830    20.3672160
0.091800    20.3640480
0.091760    20.3610240
0.091730    20.3578560
0.091690    20.3548320
0.091650    20.3518080
0.091620    20.3487840
0.091580    20.3457600
0.091550    20.3427360
0.091510    20.3398560
0.091470    20.3369760
0.091440    20.3339520
0.091400    20.3310720
0.091370    20.3283360
0.091330    20.3254560
0.091290    20.3225760
0.091260    20.3198400
0.091220    20.3171040
0.091190    20.3143680
0.091150    20.3116320
0.091110    20.3088960
0.091080    20.3061600
0.091040    20.3034240
0.091010    20.3008320
0.090970    20.2980960
0.090930    20.2955040
0.090900    20.2929120
0.090860    20.2903200
0.090820    20.2875840
0.090790    20.2849920
0.090750    20.2825440
0.090710    20.2799520
0.090670    20.2773600
0.090640    20.2749120
0.090600    20.2723200
0.090560    20.2698720
0.090530    20.2674240
0.090490    20.2649760
0.090450    20.2625280
0.090420    20.2600800
0.090380    20.2577760
0.090340    20.2553280
0.090300    20.2530240
0.090270    20.2507200
0.090230    20.2484160
0.090190    20.2461120
0.090160    20.2439520
0.090120    20.2417920
0.090080    20.2396320
0.090040    20.2374720
0.090010    20.2353120
0.089970    20.2332960
0.089930    20.2311360
0.089900    20.2291200
0.089860    20.2271040
0.089820    20.2250880
0.089780    20.2230720
0.089750    20.2212000
0.089710    20.2193280
0.089670    20.2173120
0.089630    20.2154400
0.089600    20.2137120
0.089560    20.2118400
0.089520    20.2099680
0.089480    20.2082400
0.089450    20.2065120
0.089410    20.2047840
0.089370    20.2030560
0.089330    20.2013280
0.089300    20.1996000
0.089260    20.1980160
0.089220    20.1962880
0.089180    20.1947040
0.089150    20.1931200
0.089110    20.1915360
0.089070    20.1900960
0.089030    20.1885120
0.088990    20.1870720
0.088960    20.1854880
0.088920    20.1840480
0.088880    20.1826080
0.088840    20.1811680
0.088800    20.1797280
0.088760    20.1784320
0.088730    20.1769920
0.088690    20.1756960
0.088650    20.1744000
0.088610    20.1731040
0.088570    20.1718080
0.088540    20.1705120
0.088500    20.1693600
0.088460    20.1680640
0.088420    20.1669120
0.088380    20.1657600
0.088340    20.1646080
0.088300    20.1634560
0.088270    20.1623040
0.088230    20.1612960
0.088190    20.1601440
0.088150    20.1591360
0.088110    20.1581280
0.088070    20.1571200
0.088030    20.1561120
0.088000    20.1551040
0.087960    20.1542400
0.087920    20.1532320
0.087880    20.1523680
0.087840    20.1515040
0.087800    20.1506400
0.087760    20.1497760
0.087720    20.1489120
0.087680    20.1481920
0.087640    20.1473280
0.087610    20.1466080
0.087570    20.1458880
0.087530    20.1450240
0.087490    20.1444480
0.087450    20.1437280
0.087410    20.1430080
0.087370    20.1424320
0.087330    20.1417120
0.087290    20.1411360
0.087250    20.1405600
0.087210    20.1399840
0.087170    20.1394080
0.087130    20.1388320
0.087090    20.1384000
0.087050    20.1379680
0.087010    20.1373920
0.086980    20.1369600
0.086940    20.1365280
0.086900    20.1360960
0.086860    20.1358080
0.086820    20.1353760
0.086780    20.1350880
0.086740    20.1346560
0.086700    20.1343680
0.086660    20.1340800
0.086620    20.1337920
0.086580    20.1335040
0.086540    20.1333600
0.086500    20.1330720
0.086460    20.1329280
0.086420    20.1327840
0.086380    20.1326400
0.086340    20.1324960
0.086300    20.1323520
0.086260    20.1323520
0.086220    20.1322080
0.086180    20.1322080
0.086140    20.1322080
0.086100    20.1320640
0.086060    20.1320640
0.086010    20.1320640
0.085970    20.1320640
0.085930    20.1322080
0.085890    20.1322080
0.085850    20.1323520
0.085810    20.1323520
0.085770    20.1324960
0.085730    20.1326400
0.085690    20.1327840
0.085650    20.1329280
0.085610    20.1332160
0.085570    20.1333600
0.085530    20.1336480
0.085490    20.1339360
0.085450    20.1342240
0.085400    20.1345120
0.085360    20.1348000
0.085320    20.1350880
0.085280    20.1355200
0.085240    20.1359520
0.085200    20.1363840
0.085160    20.1368160
0.085120    20.1372480
0.085080    20.1376800
0.085040    20.1382560
0.085000    20.1386880
0.084960    20.1392640
0.084920    20.1398400
0.084880    20.1404160
0.084840    20.1409920
0.084800    20.1417120
0.084760    20.1422880
0.084710    20.1430080
0.084670    20.1435840
0.084630    20.1443040
0.084590    20.1450240
0.084550    20.1458880
0.084510    20.1466080
0.084470    20.1473280
0.084430    20.1481920
0.084390    20.1490560
0.084350    20.1499200
0.084310    20.1507840
0.084270    20.1516480
0.084230    20.1525120
0.084190    20.1533760
0.084150    20.1543840
0.084100    20.1553920
0.084060    20.1562560
0.084020    20.1572640
0.083980    20.1582720
0.083940    20.1594240
0.083900    20.1604320
0.083860    20.1614400
0.083820    20.1625920
0.083780    20.1637440
0.083740    20.1647520
0.083700    20.1659040
0.083660    20.1672000
0.083620    20.1683520
0.083570    20.1695040
0.083530    20.1708000
0.083490    20.1719520
0.083450    20.1732480
0.083410    20.1745440
0.083370    20.1758400
0.083330    20.1771360
0.083290    20.1784320
0.083250    20.1798720
0.083210    20.1811680
0.083160    20.1826080
0.083120    20.1840480
0.083080    20.1853440
0.083040    20.1869280
0.083000    20.1883680
0.082960    20.1898080
0.082920    20.1912480
0.082880    20.1928320
0.082840    20.1944160
0.082790    20.1958560
0.082750    20.1974400
0.082710    20.1990240
0.082670    20.2006080
0.082630    20.2023360
0.082590    20.2039200
0.082550    20.2056480
0.082510    20.2072320
0.082460    20.2089600
0.082420    20.2106880
0.082380    20.2124160
0.082340    20.2141440
0.082300    20.2160160
0.082260    20.2177440
0.082220    20.2196160
0.082170    20.2213440
0.082130    20.2232160
0.082090    20.2250880
0.082050    20.2269600
0.082010    20.2288320
0.081970    20.2307040
0.081930    20.2327200
0.081880    20.2345920
0.081840    20.2366080
0.081800    20.2386240
0.081760    20.2406400
0.081720    20.2426560
0.081680    20.2446720
0.081630    20.2466880
0.081590    20.2488480
0.081550    20.2508640
0.081510    20.2530240
0.081470    20.2551840
0.081430    20.2572000
0.081380    20.2595040
0.081340    20.2616640
0.081300    20.2638240
0.081260    20.2659840
0.081220    20.2682880
0.081180    20.2705920
0.081130    20.2727520
0.081090    20.2750560
0.081050    20.2773600
0.081010    20.2796640
0.080970    20.2821120
0.080920    20.2844160
0.080880    20.2867200
0.080840    20.2891680
0.080800    20.2916160
0.080760    20.2940640
0.080720    20.2965120
0.080670    20.2989600
0.080630    20.3014080
0.080590    20.3038560
0.080550    20.3064480
0.080510    20.3090400
0.080460    20.3114880
0.080420    20.3140800
0.080380    20.3166720
0.080340    20.3192640
0.080290    20.3220000
0.080250    20.3245920
0.080210    20.3273280
0.080170    20.3300640
0.080120    20.3328000
0.080080    20.3355360
0.080040    20.3384160
0.080000    20.3411520
0.079950    20.3438880
0.079910    20.3467680
0.079870    20.3496480
0.079820    20.3525280
0.079780    20.3554080
0.079740    20.3582880
0.079700    20.3611680
0.079650    20.3640480
0.079610    20.3669280
0.079570    20.3699520
0.079520    20.3729760
0.079480    20.3758560
0.079440    20.3788800
0.079390    20.3819040
0.079350    20.3849280
0.079310    20.3880960
0.079260    20.3911200
0.079220    20.3941440
0.079180    20.3973120
0.079140    20.4004800
0.079090    20.4036480
0.079050    20.4068160
0.079010    20.4099840
0.078960    20.4131520
0.078920    20.4163200
0.078880    20.4194880
0.078830    20.4228000
0.078790    20.4261120
0.078750    20.4292800
0.078710    20.4325920
0.078660    20.4359040
0.078620    20.4392160
0.078580    20.4425280
0.078530    20.4459840
0.078490    20.4492960
0.078450    20.4527520
0.078410    20.4562080
0.078360    20.4595200
0.078320    20.4629760
0.078280    20.4664320
0.078230    20.4698880
0.078190    20.4734880
0.078150    20.4769440
0.078110    20.4805440
0.078060    20.4840000
0.078020    20.4876000
0.077980    20.4912000
0.077930    20.4948000
0.077890    20.4984000
0.077850    20.5020000
0.077810    20.5056000
0.077760    20.5093440
0.077720    20.5129440
0.077680    20.5166880
0.077630    20.5204320
0.077590    20.5241760
0.077550    20.5279200
0.077510    20.5316640
0.077460    20.5354080
0.077420    20.5391520
0.077380    20.5430400
0.077330    20.5467840
0.077290    20.5506720
0.077250    20.5545600
0.077200    20.5584480
0.077160    20.5623360
0.077120    20.5662240
0.077080    20.5701120
0.077030    20.5740000
0.076990    20.5780320
0.076950    20.5820640
0.076900    20.5859520
0.076860    20.5899840
0.076820    20.5940160
0.076770    20.5980480
0.076730    20.6020800
0.076690    20.6061120
0.076640    20.6102880
0.076600    20.6143200
0.076560    20.6184960
0.076520    20.6226720
0.076470    20.6268480
0.076430    20.6310240
0.076390    20.6352000
0.076340    20.6393760
0.076300    20.6435520
0.076260    20.6477280
0.076210    20.6520480
0.076170    20.6563680
0.076130    20.6605440
0.076080    20.6648640
0.076040    20.6691840
0.076000    20.6735040
0.075950    20.6778240
0.075910    20.6822880
0.075870    20.6866080
0.075820    20.6910720
0.075780    20.6953920
0.075740    20.6998560
0.075690    20.7043200
0.075650    20.7087840
0.075610    20.7132480
0.075570    20.7177120
0.075520    20.7221760
0.075480    20.7267840
0.075440    20.7312480
0.075390    20.7358560
0.075350    20.7404640
0.075310    20.7449280
0.075260    20.7495360
0.075220    20.7542880
0.075180    20.7588960
0.075130    20.7635040
0.075090    20.7681120
0.075050    20.7728640
0.075000    20.7774720
0.074960    20.7822240
0.074920    20.7869760
0.074870    20.7917280
0.074830    20.7964800
0.074790    20.8012320
0.074740    20.8059840
0.074700    20.8108800
0.074660    20.8156320
0.074610    20.8205280
0.074570    20.8252800
0.074530    20.8301760
0.074480    20.8350720
0.074440    20.8399680
0.074400    20.8448640
0.074350    20.8499040
0.074310    20.8548000
0.074270    20.8596960
0.074220    20.8647360
0.074180    20.8697760
0.074130    20.8748160
0.074090    20.8798560
0.074050    20.8850400
0.074000    20.8900800
0.073960    20.8952640
0.073920    20.9004480
0.073870    20.9056320
0.073830    20.9108160
0.073780    20.9160000
0.073740    20.9211840
0.073700    20.9263680
0.073650    20.9316960
0.073610    20.9368800
0.073560    20.9422080
0.073520    20.9475360
0.073480    20.9528640
0.073430    20.9581920
0.073390    20.9635200
0.073340    20.9688480
0.073300    20.9743200
0.073260    20.9796480
0.073210    20.9849760
0.073170    20.9904480
0.073120    20.9959200
0.073080    21.0013920
0.073040    21.0067200
0.072990    21.0121920
0.072950    21.0176640
0.072900    21.0232800
0.072860    21.0287520
0.072820    21.0342240
0.072770    21.0398400
0.072730    21.0453120
0.072690    21.0509280
0.072640    21.0565440
0.072600    21.0620160
0.072550    21.0676320
0.072510    21.0732480
0.072470    21.0790080
0.072420    21.0846240
0.072380    21.0902400
0.072340    21.0960000
0.072290    21.1016160
0.072250    21.1073760
0.072200    21.1129920
0.072160    21.1187520
0.072120    21.1245120
0.072070    21.1302720
0.072030    21.1360320
0.071990    21.1417920
0.071940    21.1476960
0.071900    21.1534560
0.071860    21.1593600
0.071810    21.1651200
0.071770    21.1710240
0.071730    21.1769280
0.071680    21.1828320
0.071640    21.1887360
0.071590    21.1946400
0.071550    21.2005440
0.071510    21.2064480
0.071460    21.2124960
0.071420    21.2184000
0.071380    21.2244480
0.071330    21.2303520
0.071290    21.2364000
0.071250    21.2424480
0.071200    21.2484960
0.071160    21.2545440
0.071120    21.2605920
0.071070    21.2667840
0.071030    21.2728320
0.070990    21.2788800
0.070940    21.2850720
0.070900    21.2912640
0.070860    21.2973120
0.070810    21.3035040
0.070770    21.3096960
0.070720    21.3158880
0.070680    21.3222240
0.070640    21.3284160
0.070590    21.3346080
0.070550    21.3409440
0.070510    21.3471360
0.070460    21.3534720
0.070420    21.3598080
0.070380    21.3660000
0.070330    21.3723360
0.070290    21.3786720
0.070250    21.3851520
0.070200    21.3914880
0.070160    21.3978240
0.070120    21.4043040
0.070070    21.4106400
0.070030    21.4171200
0.069990    21.4236000
0.069940    21.4299360
0.069900    21.4364160
0.069860    21.4428960
0.069810    21.4495200
0.069770    21.4560000
0.069730    21.4624800
0.069680    21.4689600
0.069640    21.4755840
0.069600    21.4822080
0.069550    21.4886880
0.069510    21.4953120
0.069470    21.5019360
0.069420    21.5085600
0.069380    21.5151840
0.069340    21.5218080
0.069290    21.5284320
0.069250    21.5352000
0.069210    21.5418240
0.069160    21.5485920
0.069120    21.5552160
0.069080    21.5619840
0.069030    21.5688960
0.068990    21.5756640
0.068950    21.5825760
0.068900    21.5893440
0.068860    21.5962560
0.068810    21.6031680
0.068770    21.6100800
0.068730    21.6169920
0.068680    21.6239040
0.068640    21.6309600
0.068600    21.6378720
0.068550    21.6449280
0.068510    21.6518400
0.068460    21.6588960
0.068420    21.6659520
0.068380    21.6730080
0.068330    21.6800640
0.068290    21.6871200
0.068250    21.6941760
0.068200    21.7012320
0.068160    21.7082880
0.068120    21.7154880
0.068070    21.7225440
0.068030    21.7296000
0.067990    21.7368000
0.067940    21.7440000
0.067900    21.7512000
0.067860    21.7582560
0.067810    21.7654560
0.067770    21.7726560
0.067730    21.7798560
0.067680    21.7872000
0.067640    21.7944000
0.067600    21.8016000
0.067550    21.8089440
0.067510    21.8161440
0.067470    21.8234880
0.067420    21.8306880
0.067380    21.8380320
0.067340    21.8453760
0.067290    21.8527200
0.067250    21.8600640
0.067210    21.8674080
0.067160    21.8747520
0.067120    21.8820960
0.067080    21.8895840
0.067030    21.8969280
0.066990    21.9044160
0.066950    21.9117600
0.066910    21.9192480
0.066860    21.9267360
0.066820    21.9342240
0.066780    21.9417120
0.066730    21.9492000
0.066690    21.9566880
0.066650    21.9641760
0.066610    21.9716640
0.066560    21.9792960
0.066520    21.9867840
0.066480    21.9944160
0.066430    22.0019040
0.066390    22.0095360
0.066350    22.0171680
0.066310    22.0248000
0.066260    22.0324320
0.066220    22.0400640
0.066180    22.0476960
0.066130    22.0553280
0.066090    22.0631040
0.066050    22.0707360
0.066010    22.0785120
0.065960    22.0861440
0.065920    22.0939200
0.065880    22.1016960
0.065840    22.1093280
0.065790    22.1171040
0.065750    22.1248800
0.065710    22.1328000
0.065660    22.1405760
0.065620    22.1483520
0.065580    22.1561280
0.065540    22.1640480
0.065490    22.1718240
0.065450    22.1797440
0.065410    22.1876640
0.065370    22.1954400
0.065320    22.2033600
0.065280    22.2112800
0.065240    22.2192000
0.065200    22.2271200
0.065150    22.2351840
0.065110    22.2431040
0.065070    22.2510240
0.065030    22.2590880
0.064980    22.2670080
0.064940    22.2750720
0.064900    22.2831360
0.064860    22.2910560
0.064810    22.2991200
0.064770    22.3071840
0.064730    22.3152480
0.064690    22.3234560
0.064640    22.3316640
0.064600    22.3398720
0.064560    22.3480800
0.064520    22.3562880
0.064470    22.3644960
0.064430    22.3728480
0.064390    22.3810560
0.064350    22.3894080
0.064300    22.3977600
0.064260    22.4061120
0.064220    22.4143200
0.064170    22.4226720
0.064130    22.4311680
0.064090    22.4395200
0.064050    22.4478720
0.064000    22.4562240
0.063960    22.4647200
0.063920    22.4730720
0.063880    22.4815680
0.063830    22.4899200
0.063790    22.4984160
0.063750    22.5069120
0.063710    22.5152640
0.063660    22.5237600
0.063620    22.5322560
0.063580    22.5407520
0.063540    22.5493920
0.063490    22.5578880
0.063450    22.5663840
0.063410    22.5748800
0.063370    22.5835200
0.063330    22.5920160
0.063280    22.6006560
0.063240    22.6092960
0.063200    22.6177920
0.063160    22.6264320
0.063110    22.6350720
0.063070    22.6437120
0.063030    22.6523520
0.062990    22.6609920
0.062950    22.6697760
0.062900    22.6784160
0.062860    22.6870560
0.062820    22.6958400
0.062780    22.7044800
0.062740    22.7132640
0.062690    22.7220480
0.062650    22.7306880
0.062610    22.7394720
0.062570    22.7482560
0.062530    22.7570400
0.062480    22.7658240
0.062440    22.7746080
0.062400    22.7835360
0.062360    22.7923200
0.062320    22.8011040
0.062270    22.8100320
0.062230    22.8188160
0.062190    22.8277440
0.062150    22.8366720
0.062110    22.8456000
0.062070    22.8543840
0.062020    22.8633120
0.061980    22.8722400
0.061940    22.8811680
0.061900    22.8902400
0.061860    22.8991680
0.061820    22.9080960
0.061770    22.9171680
0.061730    22.9260960
0.061690    22.9351680
0.061650    22.9440960
0.061610    22.9531680
0.061570    22.9622400
0.061520    22.9713120
0.061480    22.9803840
0.061440    22.9894560
0.061400    22.9985280
0.061360    23.0076000
0.061320    23.0166720
0.061280    23.0258880
0.061230    23.0349600
0.061190    23.0440320
0.061150    23.0532480
0.061110    23.0624640
0.061070    23.0715360
0.061030    23.0807520
0.060990    23.0899680
0.060950    23.0991840
0.060900    23.1084000
0.060860    23.1176160
0.060820    23.1269760
0.060780    23.1361920
0.060740    23.1456960
0.060700    23.1550560
0.060660    23.1644160
0.060610    23.1739200
0.060570    23.1832800
0.060530    23.1927840
0.060490    23.2022880
0.060450    23.2117920
0.060410    23.2212960
0.060360    23.2308000
0.060320    23.2403040
0.060280    23.2498080
0.060240    23.2593120
0.060200    23.2688160
0.060160    23.2784640
0.060110    23.2879680
0.060070    23.2976160
0.060030    23.3072640
0.059990    23.3167680
0.059950    23.3264160
0.059910    23.3360640
0.059870    23.3457120
0.059830    23.3553600
0.059780    23.3650080
0.059740    23.3746560
0.059700    23.3843040
0.059660    23.3939520
0.059620    23.4037440
0.059580    23.4133920
0.059540    23.4231840
0.059500    23.4328320
0.059460    23.4426240
0.059410    23.4522720
0.059370    23.4620640
0.059330    23.4718560
0.059290    23.4816480
0.059250    23.4914400
0.059210    23.5012320
0.059170    23.5110240
0.059130    23.5208160
0.059090    23.5306080
0.059050    23.5405440
0.059010    23.5503360
0.058960    23.5602720
0.058920    23.5700640
0.058880    23.5800000
0.058840    23.5899360
0.058800    23.5997280
0.058760    23.6096640
0.058720    23.6196000
0.058680    23.6295360
0.058640    23.6394720
0.058600    23.6494080
0.058560    23.6593440
0.058520    23.6694240
0.058480    23.6793600
0.058440    23.6892960
0.058400    23.6993760
0.058350    23.7093120
0.058310    23.7193920
0.058270    23.7293280
0.058230    23.7394080
0.058190    23.7494880
0.058150    23.7595680
0.058110    23.7696480
0.058070    23.7797280
0.058030    23.7898080
0.057990    23.7998880
0.057950    23.8099680
0.057910    23.8200480
0.057870    23.8302720
0.057830    23.8403520
0.057790    23.8505760
0.057750    23.8606560
0.057710    23.8708800
0.057670    23.8811040
0.057630    23.8911840
0.057590    23.9014080
0.057550    23.9116320
0.057510    23.9218560
0.057470    23.9320800
0.057430    23.9423040
0.057390    23.9525280
0.057350    23.9627520
0.057310    23.9731200
0.057270    23.9833440
0.057230    23.9937120
0.057190    24.0042240
0.057150    24.0145920
0.057110    24.0251040
0.057070    24.0356160
0.057030    24.0461280
0.056990    24.0564960
0.056950    24.0670080
0.056910    24.0776640
0.056870    24.0881760
0.056830    24.0986880
0.056790    24.1092000
0.056750    24.1197120
0.056710    24.1303680
0.056670    24.1408800
0.056630    24.1515360
0.056590    24.1621920
0.056550    24.1727040
0.056510    24.1833600
0.056470    24.1940160
0.056430    24.2046720
0.056390    24.2153280
0.056350    24.2259840
0.056310    24.2366400
0.056270    24.2472960
0.056230    24.2579520
0.056190    24.2686080
0.056150    24.2794080
0.056110    24.2900640
0.056070    24.3008640
0.056030    24.3115200
0.055990    24.3223200
0.055950    24.3329760
0.055910    24.3437760
0.055870    24.3545760
0.055830    24.3653760
0.055790    24.3760320
0.055750    24.3868320
0.055710    24.3976320
0.055670    24.4085760
0.055630    24.4193760
0.055600    24.4301760
0.055560    24.4409760
0.055520    24.4517760
0.055480    24.4627200
0.055440    24.4735200
0.055400    24.4844640
0.055360    24.4952640
0.055320    24.5062080
0.055280    24.5171520
0.055240    24.5279520
0.055200    24.5388960
0.055160    24.5498400
0.055120    24.5607840
0.055090    24.5717280
0.055050    24.5826720
0.055010    24.5936160
0.054970    24.6045600
0.054930    24.6155040
0.054890    24.6264480
0.054850    24.6375360
0.054810    24.6484800
0.054770    24.6595680
0.054740    24.6705120
0.054700    24.6816000
0.054660    24.6925440
0.054620    24.7036320
0.054580    24.7147200
0.054540    24.7256640
0.054500    24.7367520
0.054460    24.7478400
0.054430    24.7589280
0.054390    24.7700160
0.054350    24.7811040
0.054310    24.7921920
0.054270    24.8032800
0.054230    24.8145120
0.054190    24.8256000
0.054160    24.8366880
0.054120    24.8479200
0.054080    24.8590080
0.054040    24.8702400
0.054000    24.8813280
0.053960    24.8925600
0.053930    24.9037920
0.053890    24.9151680
0.053850    24.9264000
0.053810    24.9377760
0.053770    24.9491520
0.053730    24.9605280
0.053690    24.9720480
0.053660    24.9834240
0.053620    24.9948000
0.053580    25.0063200
0.053540    25.0176960
0.053500    25.0292160
0.053460    25.0405920
0.053420    25.0521120
0.053390    25.0634880
0.053350    25.0750080
0.053310    25.0865280
0.053270    25.0980480
0.053230    25.1095680
0.053200    25.1210880
0.053160    25.1326080
0.053120    25.1441280
0.053080    25.1556480
0.053040    25.1671680
0.053000    25.1786880
0.052970    25.1902080
0.052930    25.2018720
0.052890    25.2133920
0.052850    25.2250560
0.052810    25.2365760
0.052780    25.2482400
0.052740    25.2597600
0.052700    25.2714240
0.052660    25.2829440
0.052620    25.2946080
0.052590    25.3062720
0.052550    25.3179360
0.052510    25.3294560
0.052470    25.3411200
0.052440    25.3527840
0.052400    25.3644480
0.052360    25.3761120
0.052320    25.3877760
0.052290    25.3995840
0.052250    25.4112480
0.052210    25.4229120
0.052170    25.4345760
0.052140    25.4463840
0.052100    25.4580480
0.052060    25.4697120
0.052020    25.4815200
0.051990    25.4931840
0.051950    25.5049920
0.051910    25.5166560
0.051870    25.5284640
0.051840    25.5402720
0.051800    25.5520800
0.051760    25.5637440
0.051730    25.5755520
0.051690    25.5873600
0.051650    25.5991680
0.051620    25.6109760
0.051580    25.6227840
0.051540    25.6345920
0.051500    25.6464000
0.051470    25.6582080
0.051430    25.6700160
0.051390    25.6819680
0.051360    25.6937760
0.051320    25.7055840
0.051280    25.7175360
0.051250    25.7293440
0.051210    25.7412960
0.051170    25.7531040
0.051140    25.7650560
0.051100    25.7768640
0.051060    25.7888160
0.051030    25.8006240
0.050990    25.8125760
0.050950    25.8245280
0.050920    25.8364800
0.050880    25.8484320
0.050840    25.8603840
0.050810    25.8723360
0.050770    25.8844320
0.050730    25.8965280
0.050700    25.9086240
0.050660    25.9208640
0.050620    25.9329600
0.050590    25.9452000
0.050550    25.9572960
0.050510    25.9695360
0.050480    25.9816320
0.050440    25.9938720
0.050400    26.0061120
0.050370    26.0183520
0.050330    26.0305920
0.050290    26.0428320
0.050260    26.0550720
0.050220    26.0673120
0.050190    26.0795520
0.050150    26.0917920
0.050110    26.1040320
0.050080    26.1162720
0.050040    26.1285120
0.050000    26.1407520
0.049970    26.1531360
0.049930    26.1653760
0.049900    26.1776160
0.049860    26.1900000
0.049820    26.2022400
0.049790    26.2146240
0.049750    26.2268640
0.049720    26.2392480
0.049680    26.2514880
0.049640    26.2638720
0.049610    26.2762560
0.049570    26.2884960
0.049540    26.3008800
0.049500    26.3132640
0.049460    26.3256480
0.049430    26.3380320
0.049390    26.3504160
0.049360    26.3628000
0.049320    26.3751840
0.049290    26.3875680
0.049250    26.3999520
0.049210    26.4123360
0.049180    26.4247200
0.049140    26.4371040
0.049110    26.4494880
0.049070    26.4618720
0.049040    26.4744000
0.049000    26.4867840
0.048970    26.4991680
0.048930    26.5116960
0.048900    26.5240800
0.048860    26.5364640
0.048830    26.5489920
0.048790    26.5613760
0.048750    26.5739040
0.048720    26.5864320
0.048680    26.5988160
0.048650    26.6113440
0.048610    26.6238720
0.048580    26.6362560
0.048540    26.6487840
0.048510    26.6613120
0.048470    26.6738400
0.048440    26.6862240
0.048400    26.6987520
0.048370    26.7112800
0.048340    26.7238080
0.048300    26.7363360
0.048270    26.7488640
0.048230    26.7613920
0.048200    26.7739200
0.048160    26.7864480
0.048130    26.7989760
0.048090    26.8116480
0.048060    26.8241760
0.048020    26.8367040
0.047990    26.8492320
0.047950    26.8619040
0.047920    26.8744320
0.047880    26.8871040
0.047850    26.8997760
0.047820    26.9124480
0.047780    26.9252640
0.047750    26.9380800
0.047710    26.9508960
0.047680    26.9637120
0.047640    26.9765280
0.047610    26.9893440
0.047570    27.0021600
0.047540    27.0149760
0.047500    27.0277920
0.047470    27.0406080
0.047430    27.0534240
0.047400    27.0663840
0.047370    27.0792000
0.047330    27.0920160
0.047300    27.1049760
0.047260    27.1177920
0.047230    27.1306080
0.047190    27.1435680
0.047160    27.1563840
0.047130    27.1693440
0.047090    27.1821600
0.047060    27.1951200
0.047020    27.2080800
0.046990    27.2208960
0.046960    27.2338560
0.046920    27.2468160
0.046890    27.2596320
0.046850    27.2725920
0.046820    27.2855520
0.046790    27.2985120
0.046750    27.3114720
0.046720    27.3242880
0.046680    27.3372480
0.046650    27.3502080
0.046620    27.3631680
0.046580    27.3761280
0.046550    27.3890880
0.046520    27.4020480
0.046480    27.4150080
0.046450    27.4279680
0.046410    27.4409280
0.046380    27.4538880
0.046350    27.4669920
0.046310    27.4799520
0.046280    27.4929120
0.046250    27.5058720
0.046210    27.5188320
0.046180    27.5319360
0.046150    27.5448960
0.046110    27.5578560
0.046080    27.5708160
0.046050    27.5839200
0.046010    27.5968800
0.045980    27.6098400
0.045950    27.6229440
0.045910    27.6359040
0.045880    27.6490080
0.045850    27.6619680
0.045820    27.6750720
0.045780    27.6880320
0.045750    27.7011360
0.045720    27.7140960
0.045680    27.7272000
0.045650    27.7401600
0.045620    27.7532640
0.045590    27.7663680
0.045550    27.7793280
0.045520    27.7924320
0.045490    27.8055360
0.045450    27.8184960
0.045420    27.8316000
0.045390    27.8447040
0.045360    27.8578080
0.045320    27.8707680
0.045290    27.8838720
0.045260    27.8969760
0.045230    27.9100800
0.045190    27.9231840
0.045160    27.9362880
0.045130    27.9493920
0.045100    27.9626400
0.045060    27.9758880
0.045030    27.9891360
0.045000    28.0025280
0.044970    28.0157760
0.044930    28.0291680
0.044900    28.0424160
0.044870    28.0558080
0.044840    28.0692000
0.044800    28.0824480
0.044770    28.0958400
0.044740    28.1092320
0.044710    28.1224800
0.044670    28.1358720
0.044640    28.1492640
0.044610    28.1626560
0.044580    28.1760480
0.044540    28.1892960
0.044510    28.2026880
0.044480    28.2160800
0.044450    28.2294720
0.044420    28.2428640
0.044380    28.2562560
0.044350    28.2696480
0.044320    28.2830400
0.044290    28.2964320
0.044260    28.3098240
0.044220    28.3232160
0.044190    28.3366080
0.044160    28.3500000
0.044130    28.3635360
0.044100    28.3769280
0.044060    28.3903200
0.044030    28.4037120
0.044000    28.4171040
0.043970    28.4306400
0.043940    28.4440320
0.043910    28.4574240
0.043870    28.4708160
0.043840    28.4843520
0.043810    28.4977440
0.043780    28.5111360
0.043750    28.5245280
0.043720    28.5380640
0.043680    28.5514560
0.043650    28.5648480
0.043620    28.5783840
0.043590    28.5917760
0.043560    28.6053120
0.043530    28.6187040
0.043500    28.6320960
0.043470    28.6456320
0.043430    28.6590240
0.043400    28.6725600
0.043370    28.6859520
0.043340    28.6994880
0.043310    28.7128800
0.043280    28.7264160
0.043250    28.7398080
0.043220    28.7533440
0.043190    28.7668800
0.043160    28.7802720
0.043120    28.7938080
0.043090    28.8072000
0.043060    28.8207360
0.043030    28.8341280
0.043000    28.8476640
0.042970    28.8612000
0.042940    28.8745920
0.042910    28.8881280
0.042880    28.9016640
0.042850    28.9150560
0.042820    28.9285920
0.042790    28.9421280
0.042760    28.9556640
0.042730    28.9690560
0.042700    28.9825920
0.042660    28.9961280
0.042630    29.0096640
0.042600    29.0232000
0.042570    29.0367360
0.042540    29.0504160
0.042510    29.0640960
0.042480    29.0777760
0.042450    29.0916000
0.042420    29.1052800
0.042390    29.1191040
0.042360    29.1327840
0.042330    29.1466080
0.042300    29.1602880
0.042270    29.1741120
0.042240    29.1877920
0.042210    29.2016160
0.042180    29.2154400
0.042150    29.2291200
0.042120    29.2429440
0.042090    29.2567680
0.042060    29.2704480
0.042030    29.2842720
0.042000    29.2980960
0.041970    29.3119200
0.041940    29.3257440
0.041910    29.3394240
0.041870    29.3532480
0.041840    29.3670720
0.041810    29.3808960
0.041780    29.3947200
0.041760    29.4085440
0.041730    29.4223680
0.041700    29.4360480
0.041670    29.4498720
0.041640    29.4636960
0.041610    29.4775200
0.041580    29.4913440
0.041550    29.5051680
0.041520    29.5189920
0.041490    29.5328160
0.041460    29.5466400
0.041430    29.5604640
0.041400    29.5742880
0.041370    29.5881120
0.041340    29.6019360
0.041310    29.6157600
0.041280    29.6295840
0.041250    29.6434080
0.041220    29.6572320
0.041190    29.6712000
0.041160    29.6850240
0.041130    29.6988480
0.041100    29.7126720
0.041070    29.7264960
0.041050    29.7403200
0.041020    29.7541440
0.040990    29.7679680
0.040960    29.7819360
0.040930    29.7957600
0.040900    29.8095840
0.040870    29.8234080
0.040840    29.8372320
0.040810    29.8510560
0.040780    29.8650240
0.040750    29.8788480
0.040730    29.8926720
0.040700    29.9064960
0.040670    29.9203200
0.040640    29.9342880
0.040610    29.9481120
0.040580    29.9619360
0.040550    29.9757600
0.040520    29.9897280
0.040500    30.0035520
0.040470    30.0173760
0.040440    30.0312000
0.040410    30.0451680
0.040380    30.0589920
0.040350    30.0729600
0.040320    30.0867840
0.040300    30.1007520
0.040270    30.1145760
0.040240    30.1284000
0.040210    30.1423680
0.040180    30.1563360
0.040150    30.1703040
0.040120    30.1844160
0.040100    30.1985280
0.040070    30.2126400
0.040040    30.2267520
0.040010    30.2408640
0.039980    30.2549760
0.039950    30.2690880
0.039930    30.2832000
0.039900    30.2974560
0.039870    30.3115680
0.039840    30.3256800
0.039810    30.3397920
0.039780    30.3539040
0.039760    30.3680160
0.039730    30.3821280
0.039700    30.3962400
0.039670    30.4103520
0.039640    30.4244640
0.039620    30.4385760
0.039590    30.4526880
0.039560    30.4668000
0.039530    30.4807680
0.039500    30.4948800
0.039480    30.5089920
0.039450    30.5231040
0.039420    30.5372160
0.039390    30.5513280
0.039370    30.5654400
0.039340    30.5794080
0.039310    30.5935200
0.039280    30.6076320
0.039250    30.6217440
0.039230    30.6357120
0.039200    30.6498240
0.039170    30.6639360
0.039140    30.6780480
0.039120    30.6920160
0.039090    30.7061280
0.039060    30.7202400
0.039040    30.7342080
0.039010    30.7483200
0.038980    30.7622880
0.038950    30.7764000
0.038930    30.7903680
0.038900    30.8044800
0.038870    30.8184480
0.038850    30.8325600
0.038820    30.8465280
0.038790    30.8606400
0.038760    30.8746080
0.038740    30.8885760
0.038710    30.9026880
0.038680    30.9166560
0.038660    30.9306240
0.038630    30.9447360
0.038600    30.9587040
0.038580    30.9726720
0.038550    30.9866400
0.038520    31.0007520
0.038500    31.0147200
0.038470    31.0286880
0.038440    31.0426560
0.038420    31.0566240
0.038390    31.0705920
0.038370    31.0845600
0.038340    31.0985280
0.038310    31.1124960
0.038290    31.1264640
0.038260    31.1404320
0.038230    31.1544000
0.038210    31.1682240
0.038180    31.1821920
0.038160    31.1961600
0.038130    31.2101280
0.038100    31.2239520
0.038080    31.2379200
0.038050    31.2518880
0.038030    31.2657120
0.038000    31.2796800
0.037970    31.2936480
0.037950    31.3076160
0.037920    31.3215840
0.037900    31.3356960
0.037870    31.3498080
0.037840    31.3639200
0.037820    31.3780320
0.037790    31.3921440
0.037770    31.4062560
0.037740    31.4203680
0.037720    31.4344800
0.037690    31.4485920
0.037660    31.4628480
0.037640    31.4769600
0.037610    31.4910720
0.037590    31.5051840
0.037560    31.5192960
0.037540    31.5334080
0.037510    31.5475200
0.037490    31.5616320
0.037460    31.5757440
0.037430    31.5898560
0.037410    31.6039680
0.037380    31.6179360
0.037360    31.6320480
0.037330    31.6461600
0.037310    31.6602720
0.037280    31.6743840
0.037260    31.6884960
0.037230    31.7026080
0.037210    31.7167200
0.037180    31.7308320
0.037160    31.7449440
0.037130    31.7590560
0.037110    31.7731680
0.037080    31.7872800
0.037060    31.8013920
0.037030    31.8155040
0.037010    31.8296160
0.036980    31.8437280
0.036960    31.8578400
0.036930    31.8720960
0.036910    31.8862080
0.036880    31.9003200
0.036860    31.9144320
0.036830    31.9286880
0.036810    31.9428000
0.036780    31.9569120
0.036760    31.9711680
0.036730    31.9852800
0.036710    31.9995360
0.036680    32.0136480
0.036660    32.0279040
0.036630    32.0421600
0.036610    32.0562720
0.036590    32.0705280
0.036560    32.0847840
0.036540    32.0990400
0.036510    32.1132960
0.036490    32.1275520
0.036460    32.1418080
0.036440    32.1560640
0.036410    32.1703200
0.036390    32.1847200
0.036360    32.1989760
0.036340    32.2133760
0.036310    32.2276320
0.036290    32.2420320
0.036270    32.2562880
0.036240    32.2706880
0.036220    32.2850880
0.036190    32.2994880
0.036170    32.3138880
0.036140    32.3282880
0.036120    32.3428320
0.036090    32.3572320
0.036070    32.3716320
0.036050    32.3861760
0.036020    32.4007200
0.036000    32.4151200
0.035970    32.4296640
0.035950    32.4442080
0.035920    32.4587520
0.035900    32.4732960
0.035870    32.4879840
0.035850    32.5025280
0.035830    32.5172160
0.035800    32.5317600
0.035780    32.5464480
0.035750    32.5611360
0.035730    32.5758240
0.035700    32.5906560
0.035680    32.6056320
0.035650    32.6206080
0.035630    32.6355840
0.035600    32.6505600
0.035580    32.6656800
0.035550    32.6806560
0.035530    32.6957760
0.035510    32.7108960
0.035480    32.7258720
0.035460    32.7409920
0.035430    32.7561120
0.035410    32.7712320
0.035380    32.7863520
0.035360    32.8014720
0.035330    32.8167360
0.035310    32.8318560
0.035280    32.8471200
0.035260    32.8622400
0.035230    32.8775040
0.035210    32.8927680
0.035180    32.9080320
0.035160    32.9234400
0.035140    32.9387040
0.035110    32.9539680
0.035090    32.9693760
0.035060    32.9847840
0.035040    33.0000480
0.035010    33.0154560
0.034990    33.0310080
0.034960    33.0464160
0.034940    33.0618240
0.034910    33.0773760
0.034890    33.0927840
0.034860    33.1083360
0.034840    33.1238880
0.034820    33.1394400
0.034790    33.1549920
0.034770    33.1706880
0.034740    33.1862400
0.034720    33.2019360
0.034690    33.2176320
0.034670    33.2333280
0.034640    33.2490240
0.034620    33.2647200
0.034590    33.2804160
0.034570    33.2962560
0.034540    33.3120960
0.034520    33.3277920
0.034490    33.3436320
0.034470    33.3594720
0.034440    33.3754560
0.034420    33.3912960
0.034400    33.4071360
0.034370    33.4231200
0.034350    33.4391040
0.034320    33.4550880
0.034300    33.4710720
0.034270    33.4870560
0.034250    33.5030400
0.034220    33.5190240
0.034200    33.5350080
0.034170    33.5511360
0.034150    33.5672640
0.034120    33.5832480
0.034100    33.5993760
0.034070    33.6155040
0.034050    33.6316320
0.034020    33.6477600
0.034000    33.6638880
0.033980    33.6800160
0.033950    33.6961440
0.033930    33.7124160
0.033900    33.7285440
0.033880    33.7446720
0.033850    33.7609440
0.033830    33.7770720
0.033800    33.7933440
0.033780    33.8094720
0.033750    33.8257440
0.033730    33.8418720
0.033710    33.8580000
0.033680    33.8742720
0.033660    33.8904000
0.033630    33.9066720
0.033610    33.9228000
0.033580    33.9390720
0.033560    33.9552000
0.033540    33.9714720
0.033510    33.9876000
0.033490    34.0037280
0.033460    34.0200000
0.033440    34.0361280
0.033410    34.0522560
0.033390    34.0685280
0.033370    34.0846560
0.033340    34.1007840
0.033320    34.1170560
0.033300    34.1331840
0.033270    34.1493120
0.033250    34.1655840
0.033220    34.1817120
0.033200    34.1978400
0.033180    34.2139680
0.033150    34.2302400
0.033130    34.2463680
0.033100    34.2624960
0.033080    34.2786240
0.033060    34.2948960
0.033030    34.3111680
0.033010    34.3275840
0.032990    34.3440000
0.032960    34.3604160
0.032940    34.3768320
0.032910    34.3932480
0.032890    34.4096640
0.032870    34.4260800
0.032840    34.4424960
0.032820    34.4589120
0.032800    34.4753280
0.032770    34.4917440
0.032750    34.5081600
0.032730    34.5245760
0.032700    34.5409920
0.032680    34.5574080
0.032650    34.5738240
0.032630    34.5902400
0.032610    34.6066560
0.032580    34.6230720
0.032560    34.6394880
0.032540    34.6559040
0.032510    34.6723200
0.032490    34.6887360
0.032470    34.7051520
0.032440    34.7215680
0.032420    34.7379840
0.032400    34.7544000
0.032380    34.7708160
0.032350    34.7872320
0.032330    34.8036480
0.032310    34.8202080
0.032280    34.8367680
0.032260    34.8531840
0.032240    34.8696000
0.032210    34.8860160
0.032190    34.9024320
0.032170    34.9188480
0.032140    34.9352640
0.032120    34.9516800
0.032100    34.9680960
0.032080    34.9845120
0.032050    35.0009280
0.032030    35.0173440
0.032010    35.0337600
0.031980    35.0501760
0.031960    35.0665920
0.031940    35.0828640
0.031920    35.0992800
0.031890    35.1156960
0.031870    35.1321120
0.031850    35.1485280
0.031830    35.1649440
0.031800    35.1813600
0.031780    35.1977760
0.031760    35.2141920
0.031740    35.2304640
0.031710    35.2468800
0.031690    35.2632960
0.031670    35.2797120
0.031650    35.2961280
0.031620    35.3125440
0.031600    35.3288160
0.031580    35.3452320
0.031560    35.3616480
0.031530    35.3780640
0.031510    35.3944800
0.031490    35.4107520
0.031470    35.4271680
0.031450    35.4435840
0.031420    35.4598560
0.031400    35.4762720
0.031380    35.4926880
0.031360    35.5089600
0.031330    35.5253760
0.031310    35.5417920
0.031290    35.5580640
0.031270    35.5744800
0.031250    35.5907520
0.031230    35.6071680
0.031200    35.6235840
0.031180    35.6398560
0.031160    35.6562720
0.031140    35.6725440
0.031120    35.6889600
0.031090    35.7053760
0.031070    35.7216480
0.031050    35.7380640
0.031030    35.7543360
0.031010    35.7707520
0.030990    35.7870240
0.030960    35.8034400
0.030940    35.8197120
0.030920    35.8361280
0.030900    35.8524000
0.030880    35.8688160
0.030860    35.8850880
0.030830    35.9015040
0.030810    35.9177760
0.030790    35.9340480
0.030770    35.9504640
0.030750    35.9667360
0.030730    35.9831520
0.030710    35.9994240
0.030680    36.0158400
0.030660    36.0321120
0.030640    36.0483840
0.030620    36.0648000
0.030600    36.0810720
0.030580    36.0974880
0.030560    36.1137600
0.030540    36.1301760
0.030510    36.1464480
0.030490    36.1628640
0.030470    36.1791360
0.030450    36.1954080
0.030430    36.2118240
0.030410    36.2280960
0.030390    36.2446560
0.030370    36.2610720
0.030350    36.2776320
0.030320    36.2941920
0.030300    36.3108960
0.030280    36.3276000
0.030260    36.3443040
0.030240    36.3611520
0.030220    36.3778560
0.030200    36.3945600
0.030170    36.4114080
0.030150    36.4281120
0.030130    36.4448160
0.030110    36.4616640
0.030090    36.4783680
0.030070    36.4952160
0.030050    36.5119200
0.030030    36.5287680
0.030010    36.5456160
0.029980    36.5623200
0.029960    36.5791680
0.029940    36.5960160
0.029920    36.6127200
0.029900    36.6295680
0.029880    36.6464160
0.029860    36.6632640
0.029840    36.6799680
0.029820    36.6968160
0.029800    36.7136640
0.029770    36.7305120
0.029750    36.7473600
0.029730    36.7640640
0.029710    36.7809120
0.029690    36.7977600
0.029670    36.8146080
0.029650    36.8314560
0.029630    36.8483040
0.029610    36.8651520
0.029590    36.8820000
0.029570    36.8988480
0.029550    36.9156960
0.029520    36.9325440
0.029500    36.9493920
0.029480    36.9662400
0.029460    36.9830880
0.029440    37.0000800
0.029420    37.0169280
0.029400    37.0337760
0.029380    37.0506240
0.029360    37.0674720
0.029340    37.0844640
0.029320    37.1013120
0.029300    37.1181600
0.029280    37.1351520
0.029260    37.1520000
0.029240    37.1691360
0.029220    37.1858400
0.029200    37.2028320
0.029180    37.2196800
0.029160    37.2365280
0.029130    37.2533760
0.029110    37.2702240
0.029090    37.2870720
0.029070    37.3040640
0.029050    37.3209120
0.029030    37.3377600
0.029010    37.3546080
0.028990    37.3716000
0.028970    37.3884480
0.028950    37.4052960
0.028930    37.4222880
0.028910    37.4391360
0.028890    37.4561280
0.028870    37.4729760
0.028850    37.4898240
0.028830    37.5068160
0.028810    37.5236640
0.028790    37.5406560
0.028770    37.5575040
0.028750    37.5744960
0.028730    37.5914880
0.028710    37.6083360
0.028690    37.6253280
0.028670    37.6423200
0.028650    37.6591680
0.028630    37.6760160
0.028610    37.6930080
0.028590    37.7100000
0.028570    37.7268480
0.028550    37.7438400
0.028530    37.7608320
0.028510    37.7778240
0.028490    37.7948160
0.028470    37.8116640
0.028450    37.8286560
0.028430    37.8456480
0.028410    37.8626400
0.028390    37.8797760
0.028370    37.8972000
0.028350    37.9146240
0.028330    37.9320480
0.028310    37.9491840
0.028290    37.9666080
0.028270    37.9840320
0.028250    38.0016000
0.028230    38.0190240
0.028210    38.0364480
0.028190    38.0538720
0.028170    38.0714400
0.028150    38.0888640
0.028140    38.1064320
0.028120    38.1238560
0.028100    38.1414240
0.028080    38.1589920
0.028060    38.1764160
0.028040    38.1939840
0.028020    38.2115520
0.028000    38.2291200
0.027980    38.2466880
0.027960    38.2642560
0.027940    38.2818240
0.027920    38.2993920
0.027900    38.3169600
0.027880    38.3345280
0.027860    38.3520960
0.027840    38.3698080
0.027820    38.3873760
0.027800    38.4049440
0.027780    38.4226560
0.027760    38.4400800
0.027740    38.4576480
0.027720    38.4753600
0.027700    38.4930720
0.027680    38.5106400
0.027660    38.5283520
0.027640    38.5460640
0.027620    38.5637760
0.027610    38.5814880
0.027590    38.5992000
0.027570    38.6169120
0.027550    38.6346240
0.027530    38.6523360
0.027510    38.6700480
0.027490    38.6877600
0.027470    38.7056160
0.027450    38.7231840
0.027430    38.7410400
0.027410    38.7587520
0.027390    38.7766080
0.027370    38.7943200
0.027380    38.7907200
0.027360    38.8048320
0.027350    38.8190880
0.027330    38.8332000
0.027320    38.8474560
0.027300    38.8620000
0.027280    38.8766880
0.027270    38.8913760
0.027250    38.9063520
0.027240    38.9214720
0.027220    38.9367360
0.027200    38.9522880
0.027190    38.9678400
0.027170    38.9836800
0.027150    38.9996640
0.027140    39.0157920
0.027120    39.0320640
0.027100    39.0486240
0.027080    39.0653280
0.027060    39.0821760
0.027070    39.0785760
0.027070    39.0758400
0.027060    39.0866400
0.027050    39.0972960
0.027040    39.1079520
0.027030    39.1188960
0.027010    39.1296960
0.027000    39.1407840
0.026990    39.1520160
0.026980    39.1632480
0.026970    39.1747680
0.026950    39.1862880
0.026940    39.1979520
0.026930    39.2099040
0.026920    39.2218560
0.026900    39.2340960
0.026890    39.2463360
0.026880    39.2587200
0.026860    39.2712480
0.026850    39.2839200
0.026840    39.2965920
0.026820    39.3095520
0.026810    39.3225120
0.026800    39.3357600
0.026780    39.3491520
0.026770    39.3626880
0.026750    39.3763680
0.026740    39.3901920
0.026730    39.4044480
0.026710    39.4189920
0.026700    39.4335360
0.026680    39.4483680
0.026660    39.4634880
0.026650    39.4786080
0.026630    39.4940160
0.026620    39.5095680
0.026600    39.5252640
0.026590    39.5413920
0.026570    39.5575200
0.026550    39.5737920
0.026540    39.5903520
0.026540    39.5870400
0.026530    39.6001440
0.026510    39.6133920
0.026500    39.6264960
0.026490    39.6397440
0.026490    39.6370080
0.026480    39.6476640
0.026470    39.6583200
0.026460    39.6689760
0.026440    39.6797760
0.026430    39.6907200
0.026420    39.7016640
0.026410    39.7128960
0.026400    39.7242720
0.026390    39.7356480
0.026380    39.7470240
0.026360    39.7586880
0.026350    39.7704960
0.026340    39.7823040
0.026330    39.7942560
0.026320    39.8064960
0.026300    39.8187360
0.026290    39.8311200
0.026280    39.8435040
0.026270    39.8561760
0.026250    39.8689920
0.026240    39.8818080
0.026230    39.8947680
0.026220    39.9078720
0.026200    39.9211200
0.026190    39.9346560
0.026180    39.9483360
0.026160    39.9621600
0.026150    39.9762720
0.026130    39.9905280
0.026140    39.9877920
0.026130    39.9991680
0.026110    40.0104000
0.026100    40.0216320
0.026090    40.0330080
0.026080    40.0445280
0.026070    40.0561920
0.026060    40.0681440
0.026040    40.0800960
0.026030    40.0921920
0.026040    40.0897440
0.026030    40.0995360
0.026030    40.0975200
0.026020    40.1052960
0.026020    40.1037120
0.026020    40.1099040
0.026010    40.1162400
0.026000    40.1224320
0.026000    40.1287680
0.025990    40.1352480
0.025980    40.1415840
0.025980    40.1480640
0.025980    40.1467680
0.025980    40.1457600
0.025980    40.1448960
0.025980    40.1482080
0.025970    40.1515200
0.025980    40.1509440
0.025970    40.1535360
0.025970    40.1531040
0.025970    40.1551200
0.025970    40.1572800
0.025970    40.1594400
0.025970    40.1616000
0.025970    40.1611680
0.025970    40.1608800
0.025970    40.1605920
0.025970    40.1603040
0.025970    40.1601600
0.025970    40.1600160
0.025970    40.1598720
0.025970    40.1604480
0.025970    40.1608800
0.025970    40.1613120
0.025128    41.0341801
0.024314    41.9362439
0.023526    42.8581380
0.022763    43.8002983
0.022025    44.7631703
0.021311    45.7472093
0.020621    46.7528807
0.019952    47.7806601
0.019306    48.8310333
0.018680    49.9044971
0.018074    51.0015591
0.017488    52.1227381
0.016922    53.2685642
0.016373    54.4395793
0.015842    55.6363371
0.015329    56.8594035
0.014832    58.1093568
0.014351    59.3867881
0.013886    60.6923015
0.013436    62.0265143
0.013001    63.3900574
0.012579    64.7835756
0.012171    66.2077279
0.011777    67.6631876
0.011395    69.1506429
0.011026    70.6707974
0.010668    72.2243698
0.010323    73.8120947
0.009988    75.4347229
0.009664    77.0930218
0.009351    78.7877754
0.009048    80.5197851
0.008755    82.2898701
0.008471    84.0988672
0.008196    85.9476319
0.007931    87.8370384
0.007674    89.7679802
0.007425    91.7413703
0.007184    93.7581419
0.006951    95.8192487
0.006726    97.9256653
0.006508    100.0783876
0.006297    102.2784338
0.006093    104.5268441
0.005895    106.8246818
0.005704    109.1730333
0.005520    111.5730091
0.005341    114.0257442
