logM logR
-0.8239087409443188 -1.6189724826360743
-0.8239087409443188 -1.6189763570502214
-0.8239087409443188 -1.6189777722965586
-0.8239087409443188 -1.6189793101665064
-0.8239087409443188 -1.6189805969270123
-0.8239087409443188 -1.6189816770837577
-0.8239087409443188 -1.618982586043781
-0.8239087409443188 -1.6189833523197124
-0.8239087409443188 -1.6189839991604682
-0.8239087409443188 -1.6189845457110874
-0.8239087409443188 -1.6189850078539507
-0.8239087409443188 -1.6189853988364624
-0.8239087409443188 -1.618985656715389
-0.8239087409443188 -1.6189857437510826
-0.8239087409971511 -1.618985760499215
-0.8239210078042521 -1.618993804948315
-0.824028318616575 -1.6190644824728342
-0.8241696139510145 -1.6191618263115808
-0.8243003411843728 -1.6192580100483913
-0.8244249100537933 -1.619356637419532
-0.8245543814988424 -1.619468347130413
-0.8246869977318602 -1.6195969736475504
-0.8247900429131917 -1.619713690346576
-0.8248866627195214 -1.6198339051965633
-0.824989409694249 -1.6199646202208715
-0.8250687484465805 -1.620067460279248
-0.825153595205574 -1.6201747011066934
-0.8252446336032386 -1.620287382866851
-0.825335948914379 -1.6203975576639105
-0.8254193789655886 -1.6204957524241952
-0.8255188327644085 -1.620607722542434
-0.8256031574052691 -1.620699146584786
-0.8256957479494419 -1.6207949918591325
-0.8257966201129154 -1.620895743053685
-0.8259005166481701 -1.6209951264600853
-0.8259653169290725 -1.6210555813541723
-0.8260664273841303 -1.6211453967822096
-0.826158070231919 -1.6212257422376446
-0.8262603136228177 -1.6213101096012053
-0.8263620785307142 -1.6213902849305826
-0.826454341684711 -1.6214615002203165
-0.8265557929731843 -1.6215359007919474
-0.8266563489244828 -1.6216073394639114
-0.8267892654431164 -1.6216966511352233
-0.8268801524721627 -1.621754787298103
-0.8269930341547944 -1.6218244338848795
-0.8270793522740936 -1.6218761835239839
-0.8271918737761741 -1.6219397928792731
-0.8272947012779471 -1.6219956829985622
-0.8274358569201364 -1.6220666490551316
-0.8275596945125052 -1.6221265182899132
-0.8276561913761017 -1.6221718483566165
-0.8277686294023674 -1.6222212973167702
-0.8279000563308926 -1.6222764841809554
-0.8280378204971975 -1.6223332277226339
-0.8281851937377774 -1.622391612902268
-0.8282940005219955 -1.6224335324253578
-0.8284297627318812 -1.6224843427523783
-0.828582746377301 -1.6225388855389513
-0.8287080166571469 -1.6225840688725457
-0.8288583923165759 -1.6226332841392044
-0.8289577469615697 -1.622664380156818
-0.8290876382297598 -1.6227017190925834
-0.8292109230821864 -1.6227351554438914
-0.8293677943347959 -1.6227721313983032
-0.8294829816601211 -1.6227967290557752
-0.8296217135072743 -1.6228232471112196
-0.8297835312970565 -1.6228503572143071
-0.8299230163607058 -1.6228741147901906
-0.8300562696755248 -1.6228964089926539
-0.8302153210721854 -1.6229221512244134
-0.8303692384182416 -1.6229477084145614
-0.8305081351015117 -1.622970008533396
-0.8307033860229344 -1.6229990001277448
-0.8308513176847189 -1.6230207412284927
-0.8310137786352934 -1.6230425248442972
-0.8311874222494046 -1.6230639053414575
-0.83137203157594 -1.6230842500751521
-0.8315166775961121 -1.6230999039008491
-0.8316735278833286 -1.6231148393403296
-0.8318428241083995 -1.6231298623811812
-0.8320259514158119 -1.623144335694152
-0.8321768893934902 -1.623154121633407
-0.8323720661452196 -1.623165186820474
-0.8325191165547905 -1.623173587410214
-0.8327092687990378 -1.623181716792732
-0.8329326679624548 -1.6231899556604172
-0.8331247309534734 -1.6231968823244227
-0.8332918075592514 -1.6232028095961422
-0.8335008420636627 -1.6232091461302571
-0.8337021844640139 -1.6232133794889598
-0.8338678828445385 -1.623215655780683
-0.8340957004726558 -1.6232152019447958
-0.8342589017397417 -1.6232138845553532
-0.8344921014432506 -1.6232082632819813
-0.8347185541140273 -1.6232010395126626
-0.8349323620916058 -1.6231932876111168
-0.8351484141117668 -1.6231865566905759
-0.8353317878865409 -1.6231819653781556
-0.8355286161469625 -1.6231770994906405
-0.8358347534327393 -1.623169544631351
-0.8361143771267932 -1.6231615212396913
-0.8363263836484004 -1.623152908907271
-0.8365249076548014 -1.6231426736373398
-0.8367396125071636 -1.6231292241178696
-0.8369079475208749 -1.6231176546162993
-0.8370863638032464 -1.623104043613386
-0.8373166687831695 -1.6230851488427094
-0.8375675487216111 -1.623064685118046
-0.8377974369603496 -1.6230460295851055
-0.8380404604402761 -1.6230255024091311
-0.8382681562946206 -1.6230066944737498
-0.8385206283535905 -1.6229850961492898
-0.8387867449339127 -1.622960530335287
-0.8390347410313177 -1.622937267058743
-0.8393629281358314 -1.6229042980086155
-0.8396336627084421 -1.6228752379444322
-0.8399147258929134 -1.6228447887703226
-0.840188090741858 -1.6228137300183711
-0.8404345886069324 -1.622785079647178
-0.8406009646637187 -1.6227654463338954
-0.8408861487247654 -1.622730857007718
-0.8410972150822624 -1.622704717238837
-0.8413668944577268 -1.622671016160396
-0.8416647263002887 -1.6226324574010442
-0.8420327678668752 -1.6225830075426806
-0.8423536633604963 -1.6225392521152577
-0.8426158907273534 -1.6225025317371085
-0.8428960685685206 -1.6224626392404193
-0.8432606224757673 -1.622409605154243
-0.8435394683994432 -1.6223685605159217
-0.8438474842213708 -1.6223218029513229
-0.8441450009002379 -1.6222762971665043
-0.8444102502917885 -1.6222351629324825
-0.8447230823829472 -1.622185793692702
-0.8449810697707799 -1.6221444425667628
-0.8453466268250314 -1.6220848364360831
-0.8457496826951748 -1.6220181822888944
-0.8460879794858692 -1.621961365503354
-0.846502903362561 -1.6218907572010468
-0.8469167749692664 -1.6218190276316113
-0.8472693593701768 -1.621756776133077
-0.8475997189786854 -1.6216978857774416
-0.8480150039245385 -1.621623149712542
-0.8483402805755239 -1.6215636559841742
-0.8487893913941346 -1.6214806781864752
-0.849159629360179 -1.6214114893435363
-0.8496329345043446 -1.621321825788967
-0.8501170942417388 -1.621229223569621
-0.8504673886121211 -1.6211609698655995
-0.8508717806620202 -1.621081930592116
-0.8513060583743727 -1.6209959665632316
-0.8516998438295782 -1.6209174723472446
-0.8521541987596022 -1.6208261340109589
-0.8526481545205808 -1.6207257295223072
-0.853062949018098 -1.6206402252380312
-0.8535003180874553 -1.6205497948108265
-0.8539290777212375 -1.6204602934852983
-0.853971237030815 -1.6204514016215517
-0.8543935519594086 -1.6203624475885037
-0.8548075119488693 -1.6202747839308456
-0.8552517945312978 -1.6201798405193377
-0.8556896626501331 -1.620085546547854
-0.8561609801801532 -1.6199831326640852
-0.8566663084020655 -1.6198726449270324
-0.8571221910912304 -1.619771952188769
-0.8576175811286986 -1.619662396976095
-0.8581913569609582 -1.6195341803617425
-0.8586680583379526 -1.6194269058915223
-0.8591344623848038 -1.619321324649529
-0.8597175975680604 -1.6191885941329833
-0.8602333482739793 -1.6190704489771828
-0.8608331100989285 -1.6189321880317218
-0.8612876279531828 -1.618826670636412
-0.8616960545393817 -1.6187314134486017
-0.8622210841728001 -1.618608910025359
-0.8626932666584567 -1.618497585296236
-0.8631591906997947 -1.6183874995649208
-0.8637526558701446 -1.618246629969963
-0.8642400948514316 -1.6181302082085256
-0.8647620547598972 -1.6180054149218832
-0.8652762868821441 -1.6178814313031065
-0.8657474530566829 -1.6177676930626956
-0.8663428415394048 -1.6176232380900966
-0.8668794742592073 -1.617492908930585
-0.8673014167399441 -1.6173897344638715
-0.8679478673427391 -1.617231514610858
-0.8685478784495477 -1.6170834776353689
-0.8691115425357717 -1.6169440057314135
-0.8697643619984434 -1.6167820134769748
-0.8702327445007564 -1.6166653901380537
-0.8708105403726224 -1.6165210544141428
-0.8714626022979961 -1.616357543269742
-0.8719906443711277 -1.6162245278456735
-0.8726454587910393 -1.6160590295831136
-0.8732022909402346 -1.6159182336334785
-0.8738328135007597 -1.615757393394601
-0.8744551755873957 -1.615598879168248
-0.8749051277653197 -1.6154835823392752
-0.8755939157168383 -1.6153068604538905
-0.8761497492338027 -1.6151638485329296
-0.8767229968336007 -1.6150156270014535
-0.8773442070000828 -1.6148549784136694
-0.87807038828122 -1.6146664904799621
-0.8785501744398011 -1.61454173292353
-0.8790889703761874 -1.6144012951906503
-0.8797761256704798 -1.6142218385844864
-0.8805855669439102 -1.6140098721799088
-0.8812198000355695 -1.6138432331769528
-0.8817344592313004 -1.6137079887570263
-0.8823787814235816 -1.6135374923564239
-0.8830761159416831 -1.6133534278824833
-0.883708587199564 -1.6131859134054234
-0.8842147736078563 -1.6130520048220023
-0.8848943630616977 -1.6128705702408954
-0.8855365717331173 -1.6126997615485703
-0.8860916772507111 -1.6125513184000357
-0.8861999446078491 -1.6125226031255835
-0.8868324581507369 -1.6123532558457687
-0.8874969608770887 -1.6121754075907444
-0.8881819435198581 -1.6119908688138793
-0.8887347458661204 -1.6118423728300635
-0.8895352098583217 -1.6116264261994135
-0.890227598289037 -1.611438949233986
-0.8909886646202373 -1.611232999314572
-0.8915827263463754 -1.6110721658360234
-0.8924485096235514 -1.6108367931747671
-0.8931631701465556 -1.6106421670736994
-0.8937639690385886 -1.6104783601043096
-0.8945149377068856 -1.6102728426509805
-0.895297805876102 -1.6100588292382283
-0.8959289874074414 -1.6098858235853646
-0.8967167829783218 -1.6096699989776404
-0.8975606934625547 -1.6094375037722306
-0.8982462476060682 -1.6092488579159865
-0.8989363069022641 -1.6090590030898824
-0.8997205406622484 -1.6088422558550286
-0.9003450498732248 -1.608669903882172
-0.9011825631848178 -1.6084379775782023
-0.9019767670925388 -1.608217738636108
-0.902775958137946 -1.6079964614881888
-0.9035110014602514 -1.6077920738602367
-0.9045136055743457 -1.6075129462749569
-0.9051879533894931 -1.607325314003147
-0.9059700357415922 -1.6071071102062482
-0.9068274362267537 -1.606867563052527
-0.9075349012848487 -1.6066701328334017
-0.9085254093170946 -1.6063929343645094
-0.9094667505622667 -1.606129018476052
-0.9103643849552866 -1.605877239240829
-0.9111425591507165 -1.6056587833149443
-0.9118161254534951 -1.6054694826705542
-0.9126804991916276 -1.6052261044645468
-0.9135018038930185 -1.6049944777189113
-0.9142835531400831 -1.604774166594527
-0.9151219814867074 -1.6045374642765677
-0.916092882242835 -1.6042626631445964
-0.9169444010048725 -1.6040216802983394
-0.9181018803335731 -1.6036939069935285
-0.9189245676565636 -1.6034603068304976
-0.9199776777031332 -1.6031611544769395
-0.9208423616987249 -1.6029151004857314
-0.9218075545391298 -1.602640499231056
-0.9226904377151733 -1.6023891777535195
-0.9237205761696263 -1.6020956375434945
-0.9248074407009171 -1.6017854911200855
-0.9257882860353489 -1.601505253150531
-0.9266892279999841 -1.6012478801958683
-0.9275871849394163 -1.600991436529022
-0.9288822513578493 -1.600620740826224
-0.9298371868786524 -1.6003476734853377
-0.9309615031857551 -1.600025426636251
-0.9318549313028719 -1.599769318641034
-0.933047037351473 -1.5994276230763165
-0.9339485819400127 -1.5991692366368093
-0.9352138931259937 -1.5988056587282562
-0.936416379526269 -1.5984601374966634
-0.9374182586274274 -1.5981720267843829
-0.9384900613271755 -1.597864038439124
-0.9394748486069321 -1.5975806513438073
-0.9405473174685894 -1.5972718342642351
-0.9415529198251364 -1.5969823413944964
-0.942662079251132 -1.596662486712034
-0.9436796638479407 -1.59636929418945
-0.9448739414435544 -1.5960250794136732
-0.9459215272684477 -1.5957226933982767
-0.9470470128963872 -1.5953978614481883
-0.9480866206404187 -1.5950976756744788
-0.9493848165867709 -1.594722583186898
-0.9504327754012687 -1.5944200349413171
-0.9515374887253263 -1.5941006765393562
-0.9526642782272741 -1.5937747001455302
-0.9537407068165493 -1.5934634106232533
-0.9548334217362014 -1.59314704137142
-0.956327806514283 -1.5927144141137919
-0.9574366156465953 -1.5923935864535093
-0.9584404036795187 -1.5921029118260233
-0.958710096798995 -1.592024739803447
-0.9598158942777543 -1.591704315709329
-0.961153022059898 -1.591316894986903
-0.9623471045404659 -1.5909708388489143
-0.9636326666722966 -1.590598134776272
-0.9647664658123457 -1.5902694170520493
-0.9661122410499374 -1.5898789808377278
-0.9673986505231887 -1.5895061707699922
-0.9686494655728021 -1.5891433566213105
-0.9701039108626577 -1.5887219113915656
-0.971401939420334 -1.5883453507435492
-0.9726645480334429 -1.5879790442539325
-0.9740071467819993 -1.587589608047964
-0.9752087524262438 -1.5872410503575631
-0.9767267501327126 -1.5868006723210408
-0.9780834816506376 -1.5864070482378083
-0.9795250630562299 -1.5859888574540797
-0.9810558649958842 -1.585544649814802
-0.9826471543991206 -1.585082786463047
-0.9844256162966362 -1.5845672732452318
-0.9859522995287487 -1.5841243517575838
-0.9873497861911337 -1.5837187802294035
-0.9887760273204448 -1.5833049953888654
-0.9904086680871056 -1.582831694394165
-0.9919927063821566 -1.5823722575714443
-0.9936724219287222 -1.5818853733592828
-0.9950879746271601 -1.5814746631239698
-0.9962565701230176 -1.5811360109402157
-0.9979610650829953 -1.5806418980322334
-0.9992337246714582 -1.5802729077637536
-1.0000530592363241 -1.5800351941851396
-1.0005869612576863 -1.5798806572602913
-1.0021645322334827 -1.5794234327619456
-1.003980581067489 -1.5788968361621192
-1.0056158326016755 -1.578422883391594
-1.007244108876041 -1.5779510263340806
-1.0087532088824396 -1.5775138974581404
-1.0101817048274748 -1.5770999822805816
-1.011916080131153 -1.576597451762845
-1.0136469642601542 -1.5760965281046972
-1.0154743142976517 -1.5755676404125958
-1.0168083579687544 -1.5751813743308958
-1.0186430910739492 -1.5746507498259947
-1.020132215640335 -1.574219788748504
-1.0216999447860078 -1.5737663025132622
-1.0233627208229024 -1.5732856618187514
-1.0251249518025887 -1.5727765848180968
-1.0271224757111972 -1.572199422491736
-1.0290330437762099 -1.5716476926574727
-1.031079409272051 -1.5710569102370313
-1.0328781039644033 -1.5705380258280601
-1.0347824898636215 -1.5699887492334694
-1.036988607317177 -1.569352595301789
-1.0389683264828447 -1.568782210798771
-1.0408542614133305 -1.5682388142005772
-1.0428492801596934 -1.5676644899752772
-1.0449580281579933 -1.5670576812302044
-1.045879536829632 -1.566792324495299
-1.0471850870989692 -1.5664168784771964
-1.0493424199982617 -1.5657966061309838
-1.0514241694674917 -1.5651981522522311
-1.0536231090764876 -1.564566241659168
-1.055943493064664 -1.5638998013364616
-1.0583894138544596 -1.5631979104639238
-1.060756300769897 -1.562518802682173
-1.0630375997871058 -1.56186471346233
-1.0654434986429109 -1.5611751014622113
-1.0679782011373824 -1.5604488089455821
-1.070645560782648 -1.559685036716151
-1.0734498491390212 -1.5588821897185983
-1.076157132385591 -1.5581078518379028
-1.078761701179195 -1.5573631493216251
-1.0815012880240056 -1.5565802199347516
-1.0843793951687795 -1.5557585054759395
-1.0873999612473932 -1.5548965802016428
-1.0905660791291063 -1.5539939886293965
-1.093880834459593 -1.5530499904330655
-1.096803780484244 -1.552218081776248
-1.0970426719117083 -1.5521503945464115
-1.0998698909958058 -1.5513466321484886
-1.1030824449425096 -1.5504348589996504
-1.106445016949831 -1.549481254571911
-1.1099602489089244 -1.5484852989789348
-1.1136302819990342 -1.5474468748991952
-1.1168940256853181 -1.5465245433582413
-1.120257758577094 -1.545575158143704
-1.1237743464405145 -1.5445837498390533
-1.1274462256037336 -1.5435498053439438
-1.1312752496876595 -1.5424732724396522
-1.1352633713444285 -1.5413535352246492
-1.1394121353027642 -1.5401901316897137
-1.1433722271342366 -1.5390815088667362
-1.1471407579220476 -1.5380281915822973
-1.151068322591857 -1.5369317932726752
-1.1544955645597057 -1.5359766010989095
-1.1551562843917227 -1.5357923631703632
-1.159405639481267 -1.5346100509998681
-1.1638173879469875 -1.5333845378818534
-1.168022758916781 -1.5322185525161418
-1.172773126300594 -1.5309042518785003
-1.1776857277941655 -1.5295476198714122
-1.1827594490067093 -1.528149615088792
-1.1879932069546317 -1.5267106754144912
-1.193385031102015 -1.5252321784742524
-1.1989329719948483 -1.52371507119015
-1.204634857486893 -1.5221602406550254
-1.2110503281556984 -1.520415909298649
-1.2181501757022395 -1.5184923280168223
-1.2223143522798894 -1.517367949922898
-1.2265459203233842 -1.516227492283997
-1.2349885929713844 -1.5139594339864861
-1.245859123866551 -1.511054567416514
-1.2591043666049646 -1.5075392693235707
-1.2722857239513357 -1.5040679721855839
-1.2854047472316668 -1.5006415263926063
-1.2984633383741389 -1.497259598945727
-1.3010678164494813 -1.4965887739240906
-1.3114629160165212 -1.493922508182787
-1.3244054947731174 -1.490629405718008
-1.3372910518335523 -1.4873826476492829
-1.3501228719796565 -1.4841790831177808
-1.3565187821200464 -1.4825938830049796
-1.362901227683539 -1.4810202983997895
-1.3756277526904834 -1.4779056893057665
-1.388302792430874 -1.4748365067184406
-1.3984066671256088 -1.4724135780174752
-1.4009274908424256 -1.4718126604663522
-1.4135025979323648 -1.4688346300297057
-1.4260288948076172 -1.4659027491002503
-1.4385076825984056 -1.4630163992332688
-1.4509411454168082 -1.4601734211579507
-1.4633324477620806 -1.457369954605137
-1.4756791250470587 -1.4546113374735725
-1.4879785154044645 -1.451903352861959
-1.500229255550007 -1.4492495564334997
-1.5087791990665587 -1.4474192059146844
-1.5124382831624474 -1.446639626103559
-1.5234008666891472 -1.444312084601536
-1.5246177546666635 -1.4440542181700236
-1.5367768590955144 -1.4414787826663191
-1.5489132719954355 -1.4389179006461914
-1.560997653489147 -1.4364216985216027
-1.5730005645878684 -1.4340411668106796
-1.584931863087252 -1.4317614322447578
-1.5968590806153136 -1.4294696728255425
-1.6088430251558887 -1.4270629055173025
-1.6208734986986124 -1.4245576602460135
-1.6316386805756606 -1.422391209498559
-1.6328287689709784 -1.4221599028073137
-1.644717024272732 -1.419859806255634
-1.6566191611008065 -1.4175196323764419
-1.6685134627199711 -1.4151760069147183
-1.6803939990451249 -1.4128401059416498
-1.6922707893853377 -1.4104953291677362
-1.699393736124821 -1.4090866260629764
-1.7041413319710648 -1.408146359931285
-1.7160090028069546 -1.405787994317255
-1.7278734470046375 -1.4034212394499412
-1.7349912963909828 -1.4019961357904
-1.7397376919910288 -1.4010414637231543
-1.7516182109917438 -1.3986210419335259
-1.763493316506365 -1.3961965850772644
-1.7753210263885721 -1.3938410826092744
-1.787173192244444 -1.3914329224855435
-1.7990488306035397 -1.3889725231016412
-1.810929910286676 -1.3864917637264842
-1.8192272644265748 -1.3847814027668583
-1.8227707766594807 -1.3840682324839515
-1.834575135542621 -1.38169800762522
-1.8463905244501715 -1.3792988586843957
-1.8581843586456535 -1.3769269050411592
-1.8699676961377418 -1.3745637585913728
-1.881727813822316 -1.3722314404041278
-1.8840774385732135 -1.371768073788373
-1.8934690707222557 -1.3699230104017441
-1.905189533808911 -1.3676419526407
-1.9168875230801465 -1.3653915477670968
-1.9285621940136248 -1.3631735216214902
-1.940210823569409 -1.3609928436318062
-1.9518333388378653 -1.3588499996423722
-1.9611109549521388 -1.3571658463123646
-1.963427414829605 -1.3567492059544808
-1.97499183940757 -1.3546928518932724
-1.981915923148039 -1.3534810747632562
-1.986525965474503 -1.3526823365829732
-1.9980287676330135 -1.350719657820629
-2.0003254125471464 -1.3503331551029254
-2.003767855366686 -1.3497573174635882
