logM logR
-0.8239087409443188 -1.5779940498640468
-0.8239087409443188 -1.578006849615532
-0.8239087409443188 -1.5780226883483823
-0.8239087409443188 -1.578034707561115
-0.8239087409443188 -1.5780446362777443
-0.8239087409443188 -1.5780529703790838
-0.8239087409443188 -1.5780600184559597
-0.8239087409443188 -1.5780659992228734
-0.8239087409443188 -1.578071081483018
-0.8239087409443188 -1.578075402186267
-0.8239087409443188 -1.5780790754542642
-0.8239087409443188 -1.5780821976751171
-0.8239087409443188 -1.5780848507770417
-0.8239087409443188 -1.578087104583722
-0.8239087409443188 -1.5780890186521421
-0.8239087409443188 -1.57809042249209
-0.8239087409443188 -1.5780908989133149
-0.8239087409443636 -1.5780910353285935
-0.8239803299533673 -1.5782037806940454
-0.8246265175194364 -1.5793185468483215
-0.8252672524313247 -1.580711075640137
-0.8254933924548057 -1.5812813152767373
-0.8257071175929668 -1.5818140023408755
-0.8259179245230679 -1.5823162159242221
-0.8260999566961852 -1.582728933437324
-0.8262792211320681 -1.5831146471146886
-0.8264635574318023 -1.583493476542919
-0.8266567827509768 -1.5838700642942196
-0.8268530811442701 -1.5842304912916376
-0.8270289395898098 -1.5845408164794479
-0.8272221674498389 -1.5848657226626022
-0.82737211945853 -1.5851070258717712
-0.8275368440450601 -1.5853626418610358
-0.8276755379732613 -1.585570700700568
-0.827827860108392 -1.5857906219617592
-0.8279682819122328 -1.5859865739171468
-0.8281221846777425 -1.586193914354467
-0.8282655176638136 -1.5863805950781815
-0.8284069891546112 -1.5865596155779844
-0.8285480725084587 -1.586732854888981
-0.8286894147676295 -1.5869014079665829
-0.8288303897775825 -1.5870645952951914
-0.828971459408867 -1.587223639384375
-0.8291119030164135 -1.5873779337768092
-0.8292651838594604 -1.5875410983792573
-0.8294187829488106 -1.5876998407650076
-0.8295596368749942 -1.5878413897651946
-0.8297016075819504 -1.587979767513172
-0.829853433211812 -1.5881246313921282
-0.8300054001916846 -1.5882648635274792
-0.8301563074561986 -1.588400465448045
-0.8303182520167126 -1.5885423817729785
-0.8304700838483169 -1.5886713633165273
-0.8306081902630507 -1.588785665351849
-0.8307581308691413 -1.5889066248163495
-0.830920842570865 -1.5890348806451493
-0.8310695580122337 -1.5891486732008508
-0.8312295182345716 -1.5892671504518494
-0.8313863250287918 -1.5893811432952274
-0.8315419470516525 -1.5894916502415846
-0.831711088386123 -1.5896081039090195
-0.8318319022569863 -1.5896889199989155
-0.8319712316862266 -1.5897808737690797
-0.8321136910629409 -1.5898730481708603
-0.8322435775262821 -1.5899545258913839
-0.8323943244256089 -1.5900487344490601
-0.8325314918312745 -1.590130892029389
-0.8326788984885243 -1.590219293664494
-0.8328010228331496 -1.5902906859140595
-0.8329715573654117 -1.5903885394592177
-0.8331309634323734 -1.5904770533817332
-0.8332967931154025 -1.590568217460608
-0.8334669775674786 -1.590657787973026
-0.8336326150419311 -1.5907433152667245
-0.8337845194611553 -1.5908204774873864
-0.8339341454966173 -1.5908943057311442
-0.834069584859464 -1.5909596153381813
-0.8342353087287194 -1.5910394311790854
-0.8344108967810748 -1.5911213940893758
-0.8345703230338657 -1.5911936997837692
-0.8347290023701518 -1.5912640574875165
-0.834887365718368 -1.5913324876848725
-0.8350314264622721 -1.5913929525241195
-0.8351992483850884 -1.5914630992848486
-0.8353511349597165 -1.5915253847195803
-0.8355159443632052 -1.5915911130190004
-0.8356778451434427 -1.591655193342573
-0.8358573673208729 -1.5917237259833334
-0.8360164030535073 -1.5917826446242316
-0.8361902224185818 -1.5918457044379162
-0.8363601272476165 -1.591906617482853
-0.8365143999688478 -1.591960026472197
-0.8366805182063584 -1.5920169239471127
-0.8368595029180531 -1.5920765599299316
-0.8370266194824043 -1.5921305686905785
-0.8371870096327969 -1.5921812000252693
-0.8373760317333319 -1.5922399233232611
-0.8375804338388311 -1.5923013294992925
-0.8377803240558602 -1.5923601709595567
-0.837961770509839 -1.5924117342576918
-0.8381573238787257 -1.592466391050383
-0.8383659818102787 -1.5925227939508855
-0.8385686769669095 -1.5925743855179144
-0.838749380644806 -1.592620067724871
-0.8389441119029549 -1.592668343729597
-0.8391729392305545 -1.5927226359115665
-0.8393496772942443 -1.592763766161749
-0.8395727782071706 -1.5928139381035424
-0.839793914793213 -1.5928620039547166
-0.8400116205111787 -1.592908400146773
-0.8402464888995789 -1.5929568381139323
-0.8404794690254892 -1.5930041309695315
-0.8407084533527751 -1.5930493086800877
-0.8409188788231973 -1.5930895323588585
-0.8411632950307133 -1.5931353776739139
-0.8413874782355413 -1.59317589549983
-0.8416049432006628 -1.5932142095124389
-0.8418390961868119 -1.5932546165572057
-0.842053402604291 -1.593290386853858
-0.842284345567328 -1.5933277816074816
-0.8425295011120619 -1.59336704881807
-0.8427890527756499 -1.593406577827098
-0.8430011620548161 -1.5934374316268332
-0.8432157953929986 -1.5934686882213527
-0.8434876803709219 -1.5935062445275456
-0.8437571457577474 -1.5935419275611717
-0.8440230869605707 -1.5935755347357183
-0.844310077644559 -1.5936096477861408
-0.8445527855593762 -1.5936370412084067
-0.8447911818773652 -1.5936632983325596
-0.8450670407534436 -1.5936923804166854
-0.845338919959387 -1.5937191009010703
-0.8456259256713795 -1.5937462099608326
-0.8459320696928331 -1.593773598997624
-0.8462089692192156 -1.5937967718252093
-0.8465014351871634 -1.5938198777817763
-0.8467892354793335 -1.5938409857586398
-0.8470927511746641 -1.5938622291912314
-0.84733344173274 -1.5938772573207942
-0.8475803984940278 -1.5938923035817547
-0.8478720013756366 -1.5939091446727582
-0.848186327411414 -1.5939254089350579
-0.8484977548808892 -1.5939397687995944
-0.8487622116047934 -1.5939509172290143
-0.8490879613998402 -1.5939637727032996
-0.849431795630461 -1.5939752955805782
-0.8497363789507792 -1.593984084100465
-0.8500593049427505 -1.5939921286872851
-0.8504071106172841 -1.5939990319649826
-0.8507209886069034 -1.5940038197455155
-0.8510583591096255 -1.5940081951142562
-0.8514219597018503 -1.5940107412578848
-0.8517486973908293 -1.5940120683651267
-0.8520689316321263 -1.5940122430315606
-0.8524134320401454 -1.5940112265438495
-0.8527833360254077 -1.5940082077531008
-0.8531400950984441 -1.5940046703019115
-0.8535233297479266 -1.5939987650901226
-0.8539026917550279 -1.5939909654457332
-0.854269833796649 -1.5939824492863484
-0.8546647296141275 -1.5939718338563182
-0.8550494496156869 -1.5939601946988078
-0.8554353859959214 -1.5939460980513631
-0.8558085580450678 -1.5939318684272727
-0.856209850785841 -1.5939151961265587
-0.8566415254810725 -1.5938954624298278
-0.857030205118663 -1.5938767509014786
-0.8573856221290161 -1.5938581599055845
-0.857834698423741 -1.5938338794721019
-0.8582404416386548 -1.5938097089884427
-0.8586192903872707 -1.5937866054423317
-0.8589342672945356 -1.5937657483465095
-0.8593263477073178 -1.5937395221387476
-0.8597795691887329 -1.5937076823886627
-0.860137586245506 -1.5936806961641539
-0.8605150139883164 -1.5936519049481421
-0.8609533349873056 -1.5936173058035386
-0.8612741791779165 -1.593590985696272
-0.8617364757135016 -1.593552050228888
-0.8622330614824868 -1.5935087513428157
-0.8626810289361881 -1.5934678929003625
-0.8631617918356633 -1.5934231876843747
-0.8636373628245116 -1.5933761178311299
-0.86409537914073 -1.5933313573632284
-0.8645744923946133 -1.593282241218659
-0.8650885541906516 -1.593228632265486
-0.8655966861607158 -1.593173353566247
-0.8660955990246242 -1.5931182877382983
-0.8666316639094995 -1.5930571475480233
-0.8671667880249543 -1.5929953447709735
-0.867684161598209 -1.592933991460164
-0.8682395648634625 -1.5928665951006244
-0.8687867803870624 -1.5927984148461658
-0.8693227975162123 -1.5927307306160046
-0.8698983992689009 -1.5926561365740899
-0.8704643904243929 -1.5925825626579617
-0.8710724587577343 -1.5925009328002397
-0.871667917573597 -1.592420300053804
-0.8722560142891227 -1.592337630007072
-0.87283136787525 -1.5922573168904341
-0.8734493417836328 -1.5921685270699764
-0.8741122006875923 -1.5920714373713925
-0.8747101570007879 -1.59198257400877
-0.8753513937273529 -1.5918857564684468
-0.8759365863046393 -1.5917960077374058
-0.8765545846865298 -1.59169992583527
-0.8772170664574066 -1.5915955090093656
-0.877869109869249 -1.5914907506431542
-0.8785068004783615 -1.5913877417307667
-0.8791911839313811 -1.5912746441290886
-0.8799231812637567 -1.5911535831151369
-0.8805822090529686 -1.5910420263439058
-0.8812868964641464 -1.5909230042039462
-0.8820420520348715 -1.5907935076096846
-0.8827210547154991 -1.5906763456902369
-0.8834485089873635 -1.590549284786724
-0.8842271760477938 -1.5904121096929282
-0.884929070042339 -1.590286798087026
-0.8856810820026484 -1.5901507190188822
-0.8860770031102061 -1.5900782468424117
-0.886430982987453 -1.5900132428149814
-0.8871552027226214 -1.5898776576033329
-0.8879306047450084 -1.5897310473433983
-0.8886923435010761 -1.5895855033726307
-0.8895086115403059 -1.5894269314705722
-0.8903050672733381 -1.589272349314296
-0.8911562068290564 -1.5891068213087247
-0.8920650501995592 -1.5889301280717347
-0.8928793864166805 -1.5887718478926522
-0.8937475242092457 -1.5886050901478044
-0.8946757836038863 -1.5884252367080893
-0.8955870740191613 -1.5882475283215325
-0.8964793329719124 -1.5880707142615316
-0.8974349879419362 -1.5878776594335302
-0.8984579261026092 -1.5876671682343744
-0.8993807582616697 -1.587472171149695
-0.9003679843990067 -1.587260736118756
-0.9013509419476515 -1.587047354253745
-0.9022958689588104 -1.586841430658795
-0.9033038650995726 -1.5866218833335526
-0.9043790924128081 -1.5863872565713493
-0.9054301094127613 -1.5861588876384702
-0.9064541497859223 -1.5859359534636879
-0.907546858600247 -1.5856970547755374
-0.9087128955862019 -1.585440248550813
-0.9097558400913275 -1.5852102606971759
-0.9108701162930729 -1.5849616865277032
-0.9120585417608976 -1.5846950877202974
-0.9132227931306962 -1.5844322922674803
-0.9143582549204471 -1.584174740576453
-0.9155693922407521 -1.5838980922562524
-0.9168585174131904 -1.5836037987733171
-0.9181052245247703 -1.5833185073699443
-0.9193184651506178 -1.5830399917549518
-0.9206110621931834 -1.58274196862895
-0.920824212520754 -1.5826926346591808
-0.9219878141502276 -1.5824225986338427
-0.9233373541789673 -1.5821068180545834
-0.9246667325783743 -1.5817938555662798
-0.9260613157516161 -1.5814630768246976
-0.927543792263516 -1.5811111680757295
-0.928993660885988 -1.58076722882936
-0.9305282959462664 -1.580404119548928
-0.9320185301876752 -1.5800500064056076
-0.9336038106631982 -1.5796703246096333
-0.9352900735795774 -1.5792618890769905
-0.9369362482929112 -1.5788587510414385
-0.9385353339624493 -1.5784642199283
-0.9402330583701141 -1.5780440607001756
-0.9420329209707784 -1.5775985558891887
-0.9439394424808016 -1.577126635144317
-0.9457945466536478 -1.5766669820326304
-0.9477605959686379 -1.5761776552124191
-0.9496657046586015 -1.575701407502622
-0.9516837132359163 -1.5751948811723668
-0.9538191885582485 -1.5746568569302521
-0.9559020435509701 -1.5741305550832643
-0.9581050963379276 -1.5735716129901343
-0.9586330552466519 -1.5734370509762463
-0.9608035134397135 -1.572884261461843
-0.9632340073872487 -1.5722626263542225
-0.965979850772876 -1.5715585382001855
-0.9684643466785918 -1.5709180486045284
-0.9713670441638302 -1.5701670435933168
-0.974471197552315 -1.5693617150106083
-0.9778972910779452 -1.5684703215528817
-0.9809434802627263 -1.5676745027031727
-0.9837938216858897 -1.5669282124885175
-0.9870460094686138 -1.5660742192969097
-0.9904521448001664 -1.5651773770026796
-0.993733650385782 -1.564311151119163
-0.9972093840453997 -1.5633915296501657
-1.0002180266087533 -1.562593786434118
-1.0036552148502313 -1.5616798964661087
-1.007249045157511 -1.560722534953107
-1.011002256079736 -1.5597204213409495
-1.014916549338479 -1.5586732762291802
-1.0189935740511382 -1.557580490835813
-1.0232345155460314 -1.5564416263167908
-1.027639681952331 -1.5552570316772902
-1.0314804627776135 -1.5542225592951704
-1.0354828396043947 -1.5531431512498488
-1.0396480581258079 -1.5520185619653057
-1.0439767141489888 -1.5508490378859243
-1.045847194968524 -1.5503432185118957
-1.0484700841036032 -1.5496333534253455
-1.0531275828154216 -1.5483724772200471
-1.0579489155341 -1.5470665018435161
-1.0629331023244981 -1.5457160573295317
-1.068079392300503 -1.544320969286151
-1.0733859033423256 -1.5428822816298213
-1.0792581920428777 -1.5412904406960988
-1.0856322875175188 -1.5395614846140087
-1.0918374594663753 -1.537878488202896
-1.0971795941925642 -1.5364298317319
-1.098126842987665 -1.5361730226233075
-1.1047079365499428 -1.534389852935214
-1.1121116683211127 -1.5323844953477197
-1.120055013644052 -1.530234731093235
-1.1280687406220644 -1.528069008510399
-1.1289755509133046 -1.5278239060104697
-1.135532931192436 -1.5260545972988235
-1.148448004009925 -1.5225789284348312
-1.1552891473874167 -1.5207410364452298
-1.1621114197994113 -1.5189117821933285
-1.1757024363661652 -1.5152769573058742
-1.1892230518801328 -1.5116756603211077
-1.2026748585296745 -1.5081094181485062
-1.2160600001468103 -1.5045786723419152
-1.2227276541829193 -1.502827595399041
-1.2293796026304402 -1.5010851851788445
-1.242637855905522 -1.4976256975124076
-1.255834449213638 -1.4942038220087495
-1.2689711406168604 -1.4908197863033315
-1.28204887415314 -1.487474916027364
-1.2950696680568987 -1.4841686518475483
-1.3015590535858386 -1.482530249753921
-1.3080352954911727 -1.48090069184761
-1.3209471931945482 -1.4776710939160722
-1.3325219577337655 -1.4747991734374775
-1.3338056711919835 -1.4744816686272755
-1.3466133867956156 -1.4713302198329146
-1.3593707435968547 -1.4682181641655996
-1.3720780286273218 -1.4651470308411643
-1.3847360154810904 -1.4621174405344248
-1.397345724258011 -1.4591294613333952
-1.3986040552398613 -1.458832993101186
-1.4099082098919011 -1.4561830724220002
-1.422423856989351 -1.4532792203046654
-1.4348938436472138 -1.4504175188687882
-1.4473184050113075 -1.44759905479908
-1.459698194277361 -1.4448241530956971
-1.4720351259795583 -1.442090951995364
-1.4831025397616544 -1.4396664193586428
-1.484330135885571 -1.4393991649692615
-1.4965849383196392 -1.4367471485631174
-1.5087996286347323 -1.4341358682134602
-1.5209757249950349 -1.4315639119373906
-1.5234063714348276 -1.4310542355966374
-1.5331136702545871 -1.4290315797616129
-1.5452149640825272 -1.4265373599198201
-1.5572818143724843 -1.424078507063806
-1.569316355802253 -1.4216523209971261
-1.5813212876375768 -1.4192551023413755
-1.5932997670070177 -1.4168823375879394
-1.6052597280329304 -1.4145214461346447
-1.6064550129038613 -1.4142855101517462
-1.6172037973253974 -1.4121684840425033
-1.6291294887425345 -1.4098284078807717
-1.6410393713135365 -1.4074975398711653
-1.6529386202116596 -1.405167702599032
-1.664827301318767 -1.4028393106857155
-1.6767045040477564 -1.4005144890528982
-1.6885728282040002 -1.3981893854364098
-1.6992486588605176 -1.3960936755556248
-1.7004345543510964 -1.3958606152313549
-1.7087336200323053 -1.3942289036906412
-1.7122894086595832 -1.3935291013579303
-1.7241381061966117 -1.3911941291205538
-1.735981162758873 -1.3888552413577122
-1.7478147616815634 -1.3865194190529695
-1.759650546491673 -1.3841673456497205
-1.7714780869594031 -1.3818168558608268
-1.7832946155767746 -1.3794734466388483
-1.7950951925478724 -1.3771457658697588
-1.8068765330126548 -1.374840039211625
-1.8186377510720448 -1.3725581000189695
-1.8303774913935809 -1.3703027303216488
-1.8420944753075235 -1.3680764605376468
-1.8537870585020522 -1.3658825026399664
-1.8654535847330402 -1.3637240556632784
-1.8677837058280877 -1.3632967617337537
-1.871276882873223 -1.362658605787428
-1.8770936845571218 -1.3616021406422778
-1.8887060819285117 -1.3595192422091222
-1.9002883849315186 -1.3574798259769596
-1.9118407468422247 -1.3554839657934457
-1.9233617709144486 -1.3535343565511695
-1.934850946965652 -1.35163220270052
-1.9405830317752626 -1.3506999739420964
-1.946307329849307 -1.3497794061616042
-1.9577304735888346 -1.3479770150616566
-1.965706622191754 -1.3467459662788386
-1.9691198903368519 -1.3462261572855374
-1.9804748419431972 -1.3445283626338569
-1.9917950156363176 -1.342884434713566
-2.0008257247505976 -1.341608907671106
-2.0030799043936285 -1.3412954837553914
-2.0053327091036897 -1.3409842088354116
-2.0143299072543317 -1.3397610714511883
-2.023305192774835 -1.338572267295764
-2.02554561020076 -1.3382804108612885
-2.036726316222518 -1.3368549138070853
-2.0478709552636074 -1.3354866409171582
-2.058981455557615 -1.3341724959968941
-2.0645241191533157 -1.3335354015594532
-2.066738887707625 -1.3332842153831286
-2.0700580927119803 -1.3329121631259686
-2.0811033236346903 -1.3317016255935918
-2.0921170220106124 -1.330541193861142
-2.097611938231177 -1.3299800210400026
-2.1030989391982247 -1.3294315065826239
-2.1140500849618546 -1.3283709924653697
-2.1238807912464286 -1.327456981144283
-2.124971607136983 -1.3273577961361747
-2.1260622181133626 -1.3272589361025822
-2.135864749700201 -1.3263899200312352
-2.1467302209437142 -1.3254662809500275
-2.1478153736620937 -1.3253761374392201
-2.157570495999647 -1.3245827562918129
-2.1673061467988926 -1.3238203378261915
-2.16838674933518 -1.3237374303685807
-2.173786205510555 -1.3233285501618497
