logM logR
-0.4559319556497244 -1.163209850168542
-0.4559319556497244 -1.174721298597871
-0.4559319556497244 -1.173532080880244
-0.4559319556497244 -1.1699729225112807
-0.4559319556497453 -1.1686063393244144
-0.4561458036302458 -1.1700964373633032
-0.45827398582647527 -1.1779578905234724
-0.4618621835403547 -1.1863069831137296
-0.4680974584140798 -1.1974999715573482
-0.47551876231295137 -1.2091335967275016
-0.4816468712384967 -1.2183479782186042
-0.4844354837298016 -1.2225209323065203
-0.4858557259454712 -1.2246564818947463
-0.48680190439775345 -1.2260894841530057
-0.4884479535516134 -1.2285912537434116
-0.491872702986102 -1.2337671657434637
-0.49652639340639504 -1.2407441287626042
-0.5015217071661418 -1.2482019763081509
-0.5097381994176242 -1.2601691512615028
-0.517055246226846 -1.270372325923363
-0.5234960669409668 -1.2789866793905151
-0.5254412243800907 -1.2814746613838197
-0.5355031195364299 -1.2934758895026672
-0.5463001632077175 -1.3045855799359078
-0.5580627741172907 -1.3145710080812725
-0.5687285286104291 -1.3218515803896576
-0.5717468723847674 -1.3237156036615119
-0.5734439494174264 -1.3247351775820562
-0.5751926428426455 -1.3257238325757121
-0.5769635379454073 -1.3266834022801002
-0.5788308334923465 -1.327649666819522
-0.580578137872789 -1.3285145711436883
-0.5825393752302629 -1.3294379588113097
-0.5845114112160524 -1.3303304868011294
-0.5863832937958997 -1.3311461646120346
-0.5882431852520242 -1.3319227424980928
-0.5905607854741093 -1.3328346263781004
-0.5929915684501856 -1.3337363390466976
-0.5954124246608299 -1.3346053674268332
-0.5975248120130632 -1.33532094623539
-0.6001868545887914 -1.336167276857044
-0.6025246285562789 -1.3368769553893418
-0.6050267815899035 -1.3375940278732017
-0.607388921918283 -1.3382272819097478
-0.6103753164835564 -1.3389756081112607
-0.6135008645480372 -1.339713807453414
-0.616539965697545 -1.3403789653280853
-0.6196974983759711 -1.3410320322853708
-0.6232952083014381 -1.3416913655436187
-0.6266474513313058 -1.3422841731603634
-0.6302813310390224 -1.3428518390470252
-0.6340010660160346 -1.3433797726435928
-0.6380705109688268 -1.3438887341710861
-0.6421554180511274 -1.344348425893801
-0.647185779429383 -1.3448367579413067
-0.652450247856472 -1.3452723306959806
-0.6579919404067567 -1.34565178269479
-0.6640703551595442 -1.3459650828437075
-0.6704702886614569 -1.346201362842334
-0.6774577888118019 -1.3463621497733789
-0.6847746640433429 -1.346427170825847
-0.692933481960222 -1.346385765322843
-0.6990144378301819 -1.3462858247157339
-0.7018064417251703 -1.3462217221224069
-0.7114984134515197 -1.345926585589768
-0.7213811555141356 -1.3455138591550924
-0.7319809013711732 -1.3449396363330992
-0.743298814420289 -1.344178041364487
-0.7551987728832414 -1.3432683676464037
-0.768679729490401 -1.342104189176001
-0.7831269279985942 -1.3407011704475427
-0.7987004814079689 -1.3390709117093977
-0.8141577608287108 -1.3373382248795058
-0.829417485244057 -1.3355360727190657
-0.8444931176926299 -1.3336736144353731
-0.8593979907924838 -1.3317586309965825
-0.8741402331710164 -1.3298027337932146
-0.8770692887617247 -1.3294082919659511
-0.8887195137145977 -1.327826452372574
-0.9031664288889404 -1.3258062247246793
-0.9174818910604929 -1.3237561391932209
-0.9316587393837744 -1.3217016786040088
-0.9457040055588767 -1.3196469951094785
-0.9596242501107513 -1.3175956252825758
-0.9734272056132933 -1.3155482425630567
-0.987119144102441 -1.313506567479615
-1.0007014177970857 -1.3114784425124608
-1.0141797728148891 -1.3094647375452146
-1.0275545573779754 -1.3074734361278129
-1.0408282218368237 -1.3055089265591742
-1.054005199825269 -1.303572045792226
-1.0670879826709017 -1.3016659287504384
-1.080082857954768 -1.2997874543821137
-1.0929968606187526 -1.2979313257881935
-1.096986374020961 -1.297353014781849
-1.0997653350075562 -1.2969271594992093
-1.102745381681751 -1.2964469524739712
-1.111606299383023 -1.2949772993886304
-1.1244925386658384 -1.2929344929866697
-1.1372611278698723 -1.2909869781560366
-1.1499362412949552 -1.2891035166592573
-1.1625281263641638 -1.28727212322168
-1.175048124781888 -1.2854791120380298
-1.1874996434838312 -1.283722908898073
-1.1924626184683282 -1.2830291642636305
-1.1998879434469345 -1.2819988200134205
-1.2122134313552044 -1.2803094414296456
-1.2244817219008255 -1.2786490910425277
-1.2366929253205456 -1.2770204761235375
-1.248845381543679 -1.2754290469617333
-1.2609395124379614 -1.2738768100784332
-1.272974417184426 -1.2723677991184552
-1.284952585656741 -1.270900408883214
-1.296876007865518 -1.2694737724385852
-1.3087549540329761 -1.2680734296449976
-1.3099400025462984 -1.2679355549565479
-1.320575491556292 -1.2667237998325043
-1.3323303461653382 -1.2654390404241884
-1.3440188101389747 -1.264222290110408
-1.3556332151104613 -1.263088058902293
-1.367172827497138 -1.2620395611844872
-1.3786354576618296 -1.2610821823385558
-1.3900186497175682 -1.2602217540171923
-1.4013205728788307 -1.259463425386019
-1.4125353617593526 -1.2588182970259068
-1.4203361536811303 -1.2584311522975504
-1.4236679047799177 -1.2582798796517372
-1.4347152093776894 -1.2578544461803653
-1.4456682491774664 -1.2575586242424674
-1.4565343233339663 -1.2573817660935043
-1.4673066517694768 -1.257336417036967
-1.4779914854731995 -1.257413629639496
-1.48858236395484 -1.257625181526167
-1.4990863529908853 -1.257960803644234
-1.5095047645225652 -1.2584190571678002
-1.5198312885264207 -1.2590117852735265
-1.530070834393843 -1.2597316612513527
-1.5402202791039727 -1.2605850096376405
-1.5502872716411291 -1.2615598702547373
-1.5522905529946862 -1.261769881828512
-1.5602693435254638 -1.262661224424706
-1.5701697964366812 -1.263884396612305
-1.5799922496652232 -1.26522404012723
-1.5897402874217885 -1.2666748544069029
-1.5994161056072183 -1.2682337882886783
-1.6090230314515002 -1.269895886813238
-1.6185675180789403 -1.2716508200627938
-1.6280553059090828 -1.273489384719129
-1.6374930651205388 -1.2754007712129638
-1.6468876293220818 -1.2773737816926374
-1.6562466352217358 -1.279395829289664
-1.6655796516314014 -1.2814509359950887
-1.674896351093085 -1.2835229825938295
-1.6842041310897509 -1.285599728974613
-1.6935085347211636 -1.2876719901031302
-1.7028129869864455 -1.289734326599577
-1.7121164053150941 -1.2917889282870703
-1.7214157761163273 -1.2938412144547506
-1.7307075278369994 -1.295897615941147
-1.7399835250858442 -1.2979723705002233
-1.7464679147344566 -1.2994348781398048
-1.749245134651946 -1.3000635459714087
-1.7584954873066 -1.3021660166523952
-1.7677346677278856 -1.304279842667551
-1.776964882693736 -1.3064015203062136
-1.7861885629066048 -1.3085271191193335
-1.7954043298167777 -1.3106593470561287
-1.8046128156269567 -1.312797480236397
-1.8138176706203955 -1.3149320060957974
-1.823164928777952 -1.31680461920579
-1.8326815173633735 -1.3183801399502422
-1.8403959444024607 -1.3194620615684427
-1.8413658976639542 -1.319587299453417
-1.8423370414136333 -1.319710419759423
-1.852107158944507 -1.3208371016651448
-1.8619740539685712 -1.321790664884624
-1.871923550218161 -1.3225954019925201
-1.8819451176338762 -1.3232694230987117
-1.892031942860108 -1.3238244517325106
-1.9021769001079558 -1.3242727749089256
-1.9123720560659347 -1.3246280862636246
-1.915439173563646 -1.3247186495528498
-1.9226112693874506 -1.324901060227948
-1.9328904484877842 -1.3250988584707504
-1.943202695176186 -1.3252333899422306
-1.9535460317392406 -1.3253082859001457
-1.9639186526854253 -1.3253266623353541
-1.9722352630637678 -1.3253052067116824
-1.974317011922459 -1.3252947945793665
-1.984740040199071 -1.325214610491282
-1.9951847648934067 -1.3250913773407855
-2.0056500036303655 -1.324927254077654
-2.0161339531673117 -1.3247254635193775
-2.0266369132352073 -1.3244856681060335
-2.0371555485303205 -1.324213653405086
-2.0476892324158134 -1.3239108131736257
-2.050851862220467 -1.3238146460660254
-2.058234729058169 -1.3235827229664265
-2.0687894603645405 -1.3232340571642152
-2.0793527582289517 -1.3228660780168189
-2.0814662947015323 -1.3227904493468652
-2.089922306322349 -1.3224828911270727
-2.1004969800436593 -1.3220865734512848
-2.1068443329191435 -1.3218423792292058
-2.1079023662306313 -1.321801287078259
-2.1110769372506293 -1.321676962975166
-2.1216616205642556 -1.3212552168817706
-2.1290726225511185 -1.3209547088606168
-2.1322494876722318 -1.320824105249705
-2.142842685144737 -1.3203800945907582
-2.149199796820028 -1.3201098645443663
-2.153438074049888 -1.3199286328865523
-2.164034374760536 -1.31947208111902
-2.1672135896379707 -1.3193339007623421
-2.171452676514827 -1.319148933708864
-2.174632023845245 -1.31900979318217
-2.1831087477827587 -1.3186399294701268
-2.18522752015464 -1.3185478423800625
-2.1958200411595743 -1.3180878777985225
-2.1979383444195464 -1.317995855745463
-2.20640989410599 -1.3176294070270416
-2.2117032135449746 -1.317401832958532
-2.216995653427573 -1.3171750405225149
-2.22440359532412 -1.3168588812738
-2.2275777136056236 -1.3167242064040268
-2.229693478905585 -1.3166348286903966
-2.232866720430018 -1.3165012587320821
